# Maximilian Dreyer, Explainable AI Group, Fraunhofer Heinrich Hertz Institute
# datestring citations hindex i10index
2021-09-25 0 0 0
2021-09-27 0 0 0
2021-09-29 0 0 0
2021-10-01 0 0 0
2021-10-03 0 0 0
2021-10-05 0 0 0
2021-10-07 0 0 0
2021-10-09 0 0 0
2021-10-11 0 0 0
2021-10-13 0 0 0
2021-10-15 0 0 0
2021-10-17 0 0 0
2021-10-19 0 0 0
2021-10-21 0 0 0
2021-10-23 0 0 0
2021-10-25 0 0 0
2021-10-27 0 0 0
2021-10-29 0 0 0
2021-10-31 0 0 0
2021-11-01 0 0 0
2021-11-03 0 0 0
2021-11-05 0 0 0
2021-11-07 0 0 0
2021-11-09 0 0 0
2021-11-11 0 0 0
2021-11-13 0 0 0
2021-11-15 0 0 0
2021-11-17 0 0 0
2021-11-19 0 0 0
2021-11-21 0 0 0
2021-11-23 0 0 0
2021-11-25 0 0 0
2021-11-27 0 0 0
2021-11-29 0 0 0
2021-12-01 0 0 0
2021-12-03 0 0 0
2021-12-05 0 0 0
2021-12-07 0 0 0
2021-12-09 0 0 0
2021-12-11 0 0 0
2021-12-13 0 0 0
2021-12-15 0 0 0
2021-12-17 0 0 0
2021-12-19 0 0 0
2021-12-21 0 0 0
2021-12-23 0 0 0
2021-12-25 0 0 0
2021-12-27 0 0 0
2021-12-29 0 0 0
2021-12-31 0 0 0
2022-01-01 0 0 0
2022-01-03 0 0 0
2022-01-05 0 0 0
2022-01-07 0 0 0
2022-01-09 0 0 0
2022-01-11 0 0 0
2022-01-13 0 0 0
2022-01-15 0 0 0
2022-01-17 0 0 0
2022-01-19 0 0 0
2022-01-21 0 0 0
2022-01-23 0 0 0
2022-01-25 0 0 0
2022-01-27 0 0 0
2022-01-29 0 0 0
2022-01-31 0 0 0
2022-02-01 0 0 0
2022-02-03 0 0 0
2022-02-05 0 0 0
2022-02-07 0 0 0
2022-02-09 0 0 0
2022-02-11 0 0 0
2022-02-13 0 0 0
2022-02-15 0 0 0
2022-02-17 0 0 0
2022-02-19 0 0 0
2022-02-21 0 0 0
2022-02-23 0 0 0
2022-02-25 0 0 0
2022-02-27 0 0 0
2022-03-01 0 0 0
2022-03-03 0 0 0
2022-03-05 0 0 0
2022-03-07 0 0 0
2022-03-09 0 0 0
2022-03-11 0 0 0
2022-03-13 0 0 0
2022-03-15 0 0 0
2022-03-17 0 0 0
2022-03-19 0 0 0
2022-03-21 0 0 0
2022-03-23 0 0 0
2022-03-25 0 0 0
2022-03-27 0 0 0
2022-03-29 0 0 0
2022-03-31 0 0 0
2022-04-01 0 0 0
2022-04-03 0 0 0
2022-04-05 0 0 0
2022-04-07 0 0 0
2022-04-09 0 0 0
2022-04-11 0 0 0
2022-04-13 0 0 0
2022-04-15 0 0 0
2022-04-17 0 0 0
2022-04-19 0 0 0
2022-04-21 0 0 0
2022-04-23 1 1 0
2022-04-25 1 1 0
2022-04-27 1 1 0
2022-04-29 1 1 0
2022-05-01 1 1 0
2022-05-03 1 1 0
2022-05-05 1 1 0
2022-05-07 1 1 0
2022-05-09 1 1 0
2022-05-11 2 1 0
2022-05-13 2 1 0
2022-05-15 2 1 0
2022-05-17 2 1 0
2022-05-19 2 1 0
2022-05-21 2 1 0
2022-05-23 2 1 0
2022-05-25 2 1 0
2022-05-27 2 1 0
2022-05-29 2 1 0
2022-05-31 2 1 0
2022-06-01 2 1 0
2022-06-03 2 1 0
2022-06-05 2 1 0
2022-06-07 2 1 0
2022-06-09 2 1 0
2022-06-11 3 1 0
2022-06-13 3 1 0
2022-06-15 3 1 0
2022-06-17 3 1 0
2022-06-19 3 1 0
2022-06-21 3 1 0
2022-06-23 3 1 0
2022-06-25 3 1 0
2022-06-27 3 1 0
2022-06-29 3 1 0
2022-07-01 3 1 0
2022-07-03 3 1 0
2022-07-05 3 1 0
2022-07-07 3 1 0
2022-07-09 3 1 0
2022-07-11 3 1 0
2022-07-13 3 1 0
2022-07-15 3 1 0
2022-07-17 3 1 0
2022-07-19 3 1 0
2022-07-21 3 1 0
2022-07-23 3 1 0
2022-07-25 3 1 0
2022-07-27 3 1 0
2022-07-29 3 1 0
2022-07-31 3 1 0
2022-08-01 3 1 0
2022-08-03 3 1 0
2022-08-05 3 1 0
2022-08-07 3 1 0
2022-08-09 3 1 0
2022-08-11 3 1 0
2022-08-13 3 1 0
2022-08-15 3 1 0
2022-08-17 3 1 0
2022-08-19 3 1 0
2022-08-21 3 1 0
2022-08-23 3 1 0
2022-08-25 3 1 0
2022-08-27 3 1 0
2022-08-29 3 1 0
2022-08-31 3 1 0
2022-09-01 3 1 0
2022-09-03 3 1 0
2022-09-05 3 1 0
2022-09-07 4 1 0
2022-09-09 4 1 0
2022-09-11 4 1 0
2022-09-13 4 1 0
2022-09-15 4 1 0
2022-09-17 4 1 0
2022-09-19 4 1 0
2022-09-21 4 1 0
2022-09-23 4 1 0
2022-09-25 4 1 0
2022-09-27 4 1 0
2022-09-29 4 1 0
2022-10-01 4 1 0
2022-10-03 4 1 0
2022-10-05 4 1 0
2022-10-07 4 1 0
2022-10-09 4 1 0
2022-10-11 4 1 0
2022-10-13 4 1 0
2022-10-15 4 1 0
2022-10-17 4 1 0
2022-10-19 4 1 0
2022-10-21 4 1 0
2022-10-23 5 1 0
2022-10-25 5 1 0
2022-10-27 5 1 0
2022-10-29 5 1 0
2022-10-31 5 1 0
2022-11-01 5 1 0
2022-11-03 6 2 0
2022-11-05 6 2 0
2022-11-07 6 2 0
2022-11-09 6 2 0
2022-11-11 6 2 0
2022-11-13 6 2 0
2022-11-15 6 2 0
2022-11-17 6 2 0
2022-11-19 6 2 0
2022-11-21 6 2 0
2022-11-23 6 2 0
2022-11-25 7 2 0
2022-11-27 7 2 0
2022-11-29 7 2 0
2022-12-01 7 2 0
2022-12-03 7 2 0
2022-12-05 7 2 0
2022-12-07 7 2 0
2022-12-09 7 2 0
2022-12-11 7 2 0
2022-12-13 7 2 0
2022-12-15 7 2 0
2022-12-17 7 2 0
2022-12-19 7 2 0
2022-12-21 8 2 0
2022-12-23 8 2 0
2022-12-25 8 2 0
2022-12-27 8 2 0
2022-12-29 8 2 0
2022-12-31 8 2 0
2023-01-01 8 2 0
2023-01-03 8 2 0
2023-01-05 8 2 0
2023-01-07 9 2 0
2023-01-09 9 2 0
2023-01-11 9 2 0
2023-01-13 9 2 0
2023-01-15 9 2 0
2023-01-17 9 2 0
2023-01-19 9 2 0
2023-01-21 9 2 0
2023-01-23 9 2 0
2023-01-25 9 2 0
2023-01-27 10 2 0
2023-01-29 10 2 0
2023-01-31 10 2 0
2023-02-01 10 2 0
2023-02-03 10 2 0
2023-02-05 11 2 0
2023-02-07 11 2 0
2023-02-09 11 2 0
2023-02-11 11 2 0
2023-02-13 11 2 0
2023-02-15 11 2 0
2023-02-17 11 2 0
2023-02-19 11 2 0
2023-02-21 11 2 0
2023-02-23 11 2 0
2023-02-25 11 2 0
2023-02-27 11 2 0
2023-03-01 11 2 0
2023-03-03 11 2 0
2023-03-05 11 2 0
2023-03-07 11 2 0
2023-03-09 11 2 0
2023-03-11 11 2 0
2023-03-13 11 2 0
2023-03-15 11 2 0
2023-03-17 12 2 0
2023-03-19 12 2 0
2023-03-21 12 2 0
2023-03-23 12 2 0
2023-03-25 13 2 0
2023-03-27 13 2 0
2023-03-29 15 2 0
2023-03-31 15 2 0
2023-04-01 16 2 1
2023-04-03 16 2 1
2023-04-05 17 2 1
2023-04-07 17 2 1
2023-04-09 17 2 1
2023-04-11 17 2 1
2023-04-13 17 2 1
2023-04-15 18 2 1
2023-04-17 18 2 1
2023-04-19 18 2 1
2023-04-21 18 2 1
2023-04-23 19 2 1
2023-04-27 20 2 1
2023-04-29 20 2 1
2023-05-01 21 2 1
2023-05-03 21 2 1
2023-05-05 21 2 1
2023-05-07 22 2 1
2023-05-09 22 2 1
2023-05-11 23 2 1
2023-05-13 22 2 1
2023-05-15 22 2 1
2023-05-17 22 2 1
2023-05-19 23 2 1
2023-05-21 23 2 1
2023-05-23 23 2 1
2023-05-25 24 2 1
2023-05-27 23 2 1
2023-05-29 23 2 1
2023-05-31 23 2 1
2023-06-01 23 2 1
2023-06-03 23 2 1
2023-06-05 23 2 1
2023-06-07 24 2 1
2023-06-09 26 2 1
2023-06-11 26 2 1
2023-06-13 26 2 1
2023-06-15 27 2 1
2023-06-17 27 2 1
2023-06-19 27 2 1
2023-06-21 28 2 1
2023-06-23 28 2 1
2023-06-25 28 2 1
2023-06-27 28 2 1
2023-06-29 28 2 1
2023-07-01 28 2 1
2023-07-03 28 2 1
2023-07-05 28 2 1
2023-07-07 28 2 1
2023-07-09 28 2 1
2023-07-11 28 2 1
2023-07-13 28 2 1
2023-07-23 28 2 1
2023-07-25 28 2 1
2023-07-27 28 2 1
2023-07-29 28 2 1
2023-07-31 28 2 1
2023-08-01 28 2 1
2023-08-03 28 2 1
2023-08-05 28 2 1
2023-08-07 28 2 1
2023-08-09 28 2 1
2023-08-11 28 2 1
2023-08-13 28 2 1
2023-08-15 28 2 1
2023-08-17 28 2 1
2023-08-19 29 2 1
2023-08-21 29 2 1
2023-08-23 29 2 1
2023-08-25 29 2 1
2023-08-27 31 2 1
2023-08-29 32 2 1
2023-08-31 32 2 1
2023-09-01 32 2 1
2023-09-03 34 3 1
2023-09-05 34 3 1
2023-09-07 34 3 1
2023-09-09 34 3 1
2023-09-11 34 3 1
2023-09-13 34 3 1
2023-09-15 34 3 1
2023-09-17 34 3 1
2023-09-19 34 3 1
2023-09-21 34 3 1
2023-09-23 34 3 1
2023-09-25 35 3 1
2023-09-27 35 3 1
2023-09-29 36 3 1
2023-10-01 36 3 1
2023-10-03 36 3 1
2023-10-05 36 3 1
2023-10-07 36 3 1
2023-10-09 37 3 1
2023-10-11 37 3 1
2023-10-13 37 3 1
2023-10-15 37 3 1
2023-10-17 37 3 1
2023-10-19 37 3 1
2023-10-21 37 3 1
2023-10-23 37 3 1
2023-10-25 37 3 1
2023-10-27 37 3 1
2023-10-29 37 3 1
2023-10-31 37 3 1
2023-11-01 37 3 1
2023-11-03 38 3 1
2023-11-05 40 3 1
2023-11-07 41 3 1
2023-11-09 41 3 1
2023-11-11 41 3 1
2023-11-13 41 3 1
2023-11-15 41 3 1
2023-11-17 41 3 1
2023-11-19 42 3 1
2023-11-21 42 3 1
2023-11-23 43 3 1
2023-11-25 43 3 1
2023-11-27 43 3 1
2023-11-29 43 3 1
2023-12-01 44 3 1
2023-12-03 46 3 1
2023-12-05 46 3 1
2023-12-07 46 3 1
2023-12-09 46 3 1
2023-12-11 46 3 1
2023-12-13 46 3 1
2023-12-15 48 3 1
2023-12-17 51 3 2
2023-12-19 51 3 2
2023-12-21 53 3 2
2023-12-23 54 3 2
2023-12-25 55 3 2
2023-12-27 55 3 2
2023-12-29 56 4 2
2023-12-31 57 4 2
2024-01-01 57 4 2
2024-01-03 59 4 2
2024-01-05 59 4 2
2024-01-07 59 4 2
2024-01-09 59 4 2
2024-01-11 59 4 2
2024-01-13 60 4 2
2024-01-15 60 4 2
2024-01-17 61 4 2
2024-01-19 63 4 2
2024-01-21 63 4 2
2024-01-25 64 4 2
2024-01-29 64 4 2
2024-01-31 64 4 2
2024-02-07 65 4 2
2024-02-09 65 4 2
2024-02-11 66 4 2
2024-02-13 67 4 2
2024-02-15 67 4 2
2024-02-17 70 4 2
2024-02-19 70 4 2
2024-02-21 71 4 2
2024-02-23 71 4 2
2024-02-25 75 4 2
2024-02-27 78 4 2
2024-02-29 78 4 2
2024-03-01 78 4 2
2024-03-03 78 4 2
2024-03-05 80 4 2
2024-03-07 80 4 2
2024-03-09 80 4 2
2024-03-11 82 4 2
2024-03-13 82 4 2
2024-03-15 82 4 2
2024-03-17 84 4 2
2024-03-19 84 4 2
2024-03-21 84 4 2
2024-03-23 84 4 2
2024-03-25 85 4 2
2024-03-27 85 4 2
2024-03-29 87 4 2
2024-03-31 88 4 2
2024-04-01 88 4 2
2024-04-05 89 4 2
2024-04-07 89 4 2
2024-04-09 89 4 2
2024-04-11 89 4 2
2024-04-13 89 4 2
2024-04-17 92 4 2
2024-04-19 98 4 2
2024-04-21 99 4 3
2024-04-23 99 4 3
2024-04-25 100 4 3
2024-04-27 100 4 3
2024-04-29 101 4 3
2024-05-01 101 4 3
2024-05-03 102 4 3
2024-05-05 102 4 3
2024-05-07 104 4 3
2024-05-09 107 4 3
2024-05-11 107 4 3
2024-05-13 107 4 3
2024-05-15 107 4 3
2024-05-17 107 4 3
2024-05-19 107 4 3
2024-05-21 107 4 3
2024-05-23 108 4 4
2024-05-25 109 4 4
2024-05-27 112 4 4
2024-05-29 112 4 4
2024-05-31 112 4 4
2024-06-01 112 4 4
2024-06-03 112 4 4
2024-06-05 112 4 4
2024-06-07 112 4 4
2024-06-09 114 4 4
2024-06-11 116 4 4
2024-06-13 116 4 4
2024-06-15 119 4 4
2024-06-17 119 4 4
2024-06-19 123 4 4
2024-06-21 124 5 4
2024-06-23 125 5 4
2024-06-25 125 5 4
2024-06-27 125 5 4
2024-06-29 124 5 4
2024-07-01 125 5 4
2024-07-03 125 5 4
2024-07-05 128 5 4
2024-07-07 128 5 4
2024-07-09 128 5 4
2024-07-11 128 5 4
2024-07-13 129 5 4
2024-07-15 131 5 4
2024-07-17 131 5 4
2024-07-19 134 5 4
2024-07-21 138 5 4
2024-07-29 144 5 4
2024-07-31 145 5 4
2024-08-01 146 5 4
2024-08-03 146 5 4
2024-08-05 149 5 4
2024-08-07 149 5 4
2024-08-09 152 5 4
2024-08-11 152 5 4
2024-08-13 152 5 4
2024-08-15 152 5 4
2024-08-17 155 5 4
2024-08-19 155 5 4
2024-08-21 155 5 4
2024-08-23 155 5 4
2024-08-25 159 6 4
2024-08-27 160 6 4
2024-08-29 160 6 4
2024-08-31 162 6 4
2024-09-01 163 6 4
2024-09-03 165 6 4
2024-09-05 165 6 4
2024-09-07 167 6 4
2024-09-09 167 6 4
2024-09-11 167 6 4
2024-09-13 167 6 4
2024-09-15 167 6 4
2024-09-17 167 6 4
2024-09-19 170 6 4
2024-09-21 175 6 4
2024-09-23 175 6 4
2024-09-25 175 6 4
2024-09-27 179 6 4
2024-09-29 179 6 4
2024-10-01 179 6 4
2024-10-03 179 6 4
2024-10-05 179 6 4
2024-10-07 179 6 4
2024-10-09 179 6 4
2024-10-11 186 6 4
2024-10-13 188 6 4
2024-10-15 195 7 4
