# Leila Arras, Research Associate, Fraunhofer HHI, Germany
# datestring citations hindex i10index
2016-12-31 7 none none
2017-12-31 30 none none
2018-12-31 114 none none
2019-12-31 252 none none
2020-09-17 369 5 5
2020-09-19 371 5 5
2020-09-21 371 5 5
2020-09-23 372 5 5
2020-09-25 372 5 5
2020-09-27 375 5 5
2020-09-29 379 5 5
2020-10-01 379 5 5
2020-10-03 379 5 5
2020-10-05 382 5 5
2020-10-07 383 5 5
2020-10-09 383 5 5
2020-10-11 385 5 5
2020-10-13 386 5 5
2020-10-15 387 5 5
2020-10-17 396 5 5
2020-10-19 396 5 5
2020-10-21 401 5 5
2020-10-23 402 5 5
2020-10-25 407 5 5
2020-10-27 409 5 5
2020-10-29 409 5 5
2020-10-31 414 5 5
2020-11-01 414 5 5
2020-11-03 415 5 5
2020-11-05 419 5 5
2020-11-07 419 5 5
2020-11-09 419 5 5
2020-11-11 423 5 5
2020-11-13 424 5 5
2020-11-15 429 5 5
2020-11-17 429 5 5
2020-11-19 429 5 5
2020-11-21 429 5 5
2020-11-23 430 5 5
2020-11-25 433 5 5
2020-11-27 433 5 5
2020-11-29 434 5 5
2020-12-01 436 5 5
2020-12-03 436 5 5
2020-12-05 436 5 5
2020-12-07 440 5 5
2020-12-09 440 5 5
2020-12-11 441 5 5
2020-12-13 443 5 5
2020-12-15 443 5 5
2020-12-17 444 5 5
2020-12-19 446 5 5
2020-12-21 446 5 5
2020-12-23 451 5 5
2020-12-25 453 5 5
2020-12-27 456 5 5
2020-12-29 458 5 5
2020-12-31 457 5 5
2021-01-01 457 5 5
2021-01-03 460 5 5
2021-01-05 460 5 5
2021-01-07 460 5 5
2021-01-09 464 6 5
2021-01-11 464 6 5
2021-01-13 465 6 5
2021-01-15 465 6 5
2021-01-17 463 6 5
2021-01-19 463 6 5
2021-01-21 463 6 5
2021-01-23 463 6 5
2021-01-25 464 6 5
2021-01-27 471 6 5
2021-01-29 471 6 5
2021-01-31 472 6 5
2021-02-01 474 6 5
2021-02-03 474 6 5
2021-02-05 474 6 5
2021-02-07 476 6 5
2021-02-09 476 6 5
2021-02-11 477 6 5
2021-02-13 480 6 5
2021-02-15 480 6 5
2021-02-17 480 6 5
2021-02-19 480 6 5
2021-02-23 481 6 5
2021-02-25 487 6 5
2021-02-27 487 6 5
2021-03-01 487 6 5
2021-03-03 492 6 5
2021-03-05 492 6 5
2021-03-07 492 6 5
2021-03-09 497 6 5
2021-03-11 497 6 5
2021-03-13 498 6 5
2021-03-15 498 6 5
2021-03-17 503 6 5
2021-03-19 504 6 5
2021-03-21 505 6 5
2021-03-23 508 6 5
2021-03-25 508 6 5
2021-03-27 508 6 5
2021-03-29 508 6 5
2021-03-31 510 6 5
2021-04-01 510 6 5
2021-04-03 514 6 5
2021-04-05 514 6 5
2021-04-07 524 6 5
2021-04-09 524 6 5
2021-04-11 526 6 6
2021-04-13 527 6 6
2021-04-15 527 6 6
2021-04-17 531 6 6
2021-04-19 531 6 6
2021-04-21 535 6 6
2021-04-23 535 6 6
2021-04-25 542 6 6
2021-04-27 542 6 6
2021-04-29 543 6 6
2021-05-01 543 6 6
2021-05-03 543 6 6
2021-05-05 544 6 6
2021-05-07 550 6 6
2021-05-09 550 6 6
2021-05-13 553 6 6
2021-05-15 559 6 6
2021-05-17 559 6 6
2021-05-19 562 6 6
2021-05-21 560 6 6
2021-05-23 561 6 6
2021-05-25 561 6 6
2021-05-27 563 6 6
2021-05-29 565 6 6
2021-05-31 573 6 6
2021-06-01 573 6 6
2021-06-03 574 6 6
2021-06-05 577 6 6
2021-06-07 577 6 6
2021-06-09 580 6 6
2021-06-11 581 6 6
2021-06-13 582 6 6
2021-06-15 583 6 6
2021-06-17 585 6 6
2021-06-19 585 6 6
2021-06-21 586 6 6
2021-06-23 591 6 6
2021-06-25 591 6 6
2021-06-27 591 6 6
2021-06-29 591 6 6
2021-07-01 579 6 6
2021-07-03 581 6 6
2021-07-05 585 6 6
2021-07-07 585 6 6
2021-07-09 586 6 6
2021-07-11 587 6 6
2021-07-13 587 6 6
2021-07-15 587 6 6
2021-07-17 587 6 6
2021-07-19 587 6 6
2021-07-21 587 6 6
2021-07-23 587 6 6
2021-07-25 588 6 6
2021-07-27 591 6 6
2021-07-29 591 6 6
2021-07-31 591 6 6
2021-08-01 598 6 6
2021-08-03 598 6 6
2021-08-05 598 6 6
2021-08-07 599 6 6
2021-08-09 599 6 6
2021-08-11 600 6 6
2021-08-13 601 6 6
2021-08-15 601 6 6
2021-08-17 602 6 6
2021-08-21 602 6 6
2021-08-23 602 6 6
2021-08-27 602 6 6
2021-08-29 604 6 6
2021-08-31 604 6 6
2021-09-01 605 6 6
2021-09-03 605 6 6
2021-09-05 612 6 6
2021-09-07 614 6 6
2021-09-09 614 6 6
2021-09-11 615 6 6
2021-09-13 618 6 6
2021-09-15 619 6 6
2021-09-17 621 6 6
2021-09-19 622 6 6
2021-09-21 622 6 6
2021-09-23 623 6 6
2021-09-25 625 6 6
2021-09-27 626 6 6
2021-09-29 627 6 6
2021-10-01 627 6 6
2021-10-03 628 6 6
2021-10-05 628 6 6
2021-10-07 632 6 6
2021-10-09 632 6 6
2021-10-11 632 6 6
2021-10-13 632 6 6
2021-10-15 633 6 6
2021-10-17 633 6 6
2021-10-19 635 6 6
2021-10-21 635 6 6
2021-10-23 637 6 6
2021-10-25 637 6 6
2021-10-27 641 6 6
2021-10-29 642 6 6
2021-10-31 642 6 6
2021-11-01 642 6 6
2021-11-03 646 6 6
2021-11-05 649 6 6
2021-11-07 654 6 6
2021-11-09 654 6 6
2021-11-11 656 6 6
2021-11-13 659 6 6
2021-11-15 659 6 6
2021-11-17 666 6 6
2021-11-19 669 6 6
2021-11-21 677 6 6
2021-11-23 679 6 6
2021-11-25 679 6 6
2021-11-27 683 6 6
2021-11-29 683 6 6
2021-12-01 683 6 6
2021-12-03 684 6 6
2021-12-05 685 6 6
2021-12-07 688 6 6
2021-12-09 688 6 6
2021-12-11 689 6 6
2021-12-13 689 6 6
2021-12-15 694 6 6
2021-12-17 695 6 6
2021-12-19 696 6 6
2021-12-21 701 6 6
2021-12-23 701 6 6
2021-12-25 701 6 6
2021-12-27 701 6 6
2021-12-29 708 6 6
2021-12-31 708 6 6
2022-01-01 712 6 6
2022-01-03 712 6 6
2022-01-05 713 6 6
2022-01-07 714 6 6
2022-01-09 715 6 6
2022-01-11 715 6 6
2022-01-13 713 6 6
2022-01-15 712 6 6
2022-01-17 712 6 6
