# Sebastian Bosse, Fraunhofer HHI
# datestring citations hindex i10index
2010-12-31 15 none none
2011-12-31 45 none none
2012-12-31 131 none none
2013-12-31 223 none none
2014-12-31 337 none none
2015-12-31 487 none none
2016-12-31 686 none none
2017-12-31 919 none none
2018-12-31 1220 none none
2019-12-31 1678 none none
2020-09-17 1975 17 22
2020-09-19 1978 17 22
2020-09-21 1978 17 22
2020-09-23 1982 17 22
2020-09-25 1953 17 22
2020-09-27 1954 17 22
2020-09-29 1954 17 22
2020-10-01 1990 17 22
2020-10-03 1965 17 22
2020-10-05 1965 17 22
2020-10-07 2008 17 22
2020-10-09 2010 17 22
2020-10-11 1984 17 22
2020-10-13 2015 17 22
2020-10-15 2017 17 22
2020-10-17 2019 17 22
2020-10-19 2019 17 22
2020-10-21 2018 17 22
2020-10-23 2019 17 22
2020-10-25 2018 17 22
2020-10-27 2021 17 22
2020-10-29 2021 17 22
2020-10-31 2028 17 22
2020-11-01 2028 17 22
2020-11-03 2033 17 22
2020-11-05 2036 17 22
2020-11-07 2041 17 22
2020-11-09 2041 17 22
2020-11-11 2041 17 22
2020-11-13 2044 17 22
2020-11-15 2046 17 22
2020-11-17 2046 17 22
2020-11-19 2046 17 22
2020-11-21 2049 17 22
2020-11-23 2055 17 22
2020-11-25 2017 17 22
2020-11-27 2055 17 22
2020-11-29 2059 17 22
2020-12-01 2022 17 22
2020-12-03 2064 17 22
2020-12-05 2068 17 22
2020-12-07 2068 17 22
2020-12-09 2069 17 22
2020-12-11 2070 17 22
2020-12-13 2068 17 22
2020-12-15 2068 17 22
2020-12-17 2071 17 22
2020-12-19 2071 17 22
2020-12-21 2075 17 22
2020-12-23 2084 17 23
2020-12-25 2084 17 23
2020-12-27 2088 17 23
2020-12-29 2093 17 23
2020-12-31 2091 17 22
2021-01-01 2091 17 22
2021-01-03 2097 17 23
2021-01-05 2102 17 23
2021-01-07 2103 17 23
2021-01-09 2105 17 23
2021-01-11 2105 17 23
2021-01-13 2108 17 23
2021-01-15 2105 17 23
2021-01-17 2110 17 22
2021-01-19 2110 17 22
2021-01-21 2110 17 22
2021-01-23 2110 17 22
2021-01-25 2150 18 24
2021-01-27 2153 18 24
2021-01-29 2154 18 24
2021-01-31 2159 18 25
2021-02-01 2164 18 25
2021-02-03 2164 18 25
2021-02-05 2163 18 25
2021-02-07 2168 18 25
2021-02-09 2168 18 25
2021-02-11 2183 18 25
2021-02-13 2185 18 25
2021-02-15 2187 18 25
2021-02-17 2188 18 25
2021-02-19 2187 18 25
2021-02-23 2187 18 25
2021-02-25 2192 18 25
2021-02-27 2195 18 25
2021-03-01 2197 18 25
2021-03-03 2203 18 25
2021-03-05 2203 18 25
2021-03-07 2202 18 25
2021-03-09 2206 18 25
2021-03-11 2206 18 25
2021-03-13 2212 18 25
2021-03-15 2212 18 25
2021-03-17 2219 18 25
2021-03-19 2223 18 25
2021-03-21 2225 18 25
2021-03-23 2233 18 25
2021-03-25 2233 18 25
2021-03-27 2233 18 25
2021-03-29 2232 18 25
2021-03-31 2236 18 25
2021-04-01 2236 18 25
2021-04-03 2237 18 25
2021-04-05 2237 18 25
2021-04-07 2249 18 25
2021-04-09 2253 18 25
2021-04-11 2253 18 25
2021-04-13 2259 18 25
2021-04-15 2261 18 25
2021-04-17 2261 18 25
2021-04-19 2261 18 25
2021-04-21 2265 18 25
2021-04-23 2266 18 25
2021-04-25 2268 18 25
2021-04-27 2271 18 25
2021-04-29 2271 18 25
2021-05-01 2272 18 25
2021-05-03 2277 18 25
2021-05-05 2278 18 25
2021-05-07 2279 18 25
2021-05-09 2281 18 25
2021-05-13 2284 18 25
2021-05-15 2286 18 25
2021-05-17 2286 18 25
2021-05-19 2298 18 26
2021-05-21 2298 18 26
2021-05-23 2302 18 26
2021-05-25 2309 18 26
2021-05-27 2309 18 26
2021-05-29 2309 18 26
2021-05-31 2312 18 26
2021-06-01 2312 18 26
2021-06-03 2314 18 26
2021-06-05 2316 18 26
2021-06-07 2316 18 26
2021-06-09 2327 18 26
2021-06-11 2331 18 26
2021-06-13 2336 18 27
2021-06-15 2350 18 27
2021-06-17 2356 18 27
2021-06-19 2358 18 27
2021-06-21 2358 18 27
2021-06-23 2360 18 27
2021-06-25 2360 18 27
2021-06-27 2360 18 27
2021-06-29 2360 18 27
2021-07-01 2368 18 27
2021-07-03 2375 18 27
2021-07-05 2386 18 27
2021-07-07 2388 18 27
2021-07-09 2395 18 27
2021-07-11 2397 18 27
2021-07-13 2397 18 27
2021-07-15 2412 18 27
2021-07-17 2410 18 27
2021-07-19 2410 18 27
2021-07-21 2415 18 27
2021-07-23 2419 18 27
2021-07-25 2417 18 27
2021-07-27 2419 18 28
2021-07-29 2425 18 28
2021-07-31 2425 18 28
2021-08-01 2425 18 28
2021-08-03 2429 18 28
2021-08-05 2432 18 28
2021-08-07 2432 18 28
2021-08-09 2433 18 28
2021-08-11 2433 18 28
2021-08-13 2435 18 28
2021-08-15 2440 18 28
2021-08-17 2443 18 28
2021-08-21 2452 18 29
2021-08-23 2452 18 29
2021-08-27 2464 18 29
2021-08-29 2463 19 29
2021-08-31 2480 19 29
2021-09-01 2480 19 29
2021-09-03 2481 19 29
2021-09-05 2489 19 29
2021-09-07 2491 19 29
2021-09-09 2491 19 29
2021-09-11 2480 19 29
2021-09-13 2480 19 29
2021-09-15 2485 19 29
2021-09-17 2487 19 29
2021-09-19 2496 19 29
2021-09-21 2496 19 29
2021-09-23 2496 19 29
2021-09-25 2496 19 29
2021-09-27 2498 19 29
2021-09-29 2500 19 29
2021-10-01 2518 19 29
2021-10-03 2521 19 29
2021-10-05 2521 19 29
2021-10-07 2505 19 29
2021-10-09 2522 19 29
2021-10-11 2528 19 29
2021-10-13 2514 19 29
2021-10-15 2535 19 29
2021-10-17 2523 19 29
2021-10-19 2523 19 29
2021-10-21 2543 19 29
2021-10-23 2531 19 29
2021-10-25 2531 19 29
2021-10-27 2555 19 30
2021-10-29 2556 19 30
2021-10-31 2539 19 30
2021-11-01 2539 19 30
2021-11-03 2543 19 30
2021-11-05 2563 19 30
2021-11-07 2566 19 30
2021-11-09 2566 19 30
2021-11-11 2547 19 30
2021-11-13 2548 19 30
2021-11-15 2548 19 30
2021-11-17 2575 19 30
2021-11-19 2575 19 30
2021-11-21 2557 19 30
2021-11-23 2581 19 30
2021-11-25 2582 19 30
2021-11-27 2568 19 30
2021-11-29 2568 19 30
2021-12-01 2569 19 30
2021-12-03 2573 19 30
2021-12-05 2575 19 30
2021-12-07 2604 19 30
2021-12-09 2604 19 30
2021-12-11 2609 19 30
2021-12-13 2609 19 30
2021-12-15 2589 19 31
2021-12-17 2597 19 32
2021-12-19 2600 19 32
2021-12-21 2613 19 32
2021-12-23 2615 19 32
2021-12-25 2642 19 32
2021-12-27 2642 19 32
2021-12-29 2644 19 32
2021-12-31 2644 19 32
2022-01-01 2642 19 32
2022-01-03 2642 19 32
2022-01-05 2652 19 32
2022-01-07 2647 19 32
2022-01-09 2654 19 32
2022-01-11 2654 19 32
2022-01-13 2660 19 32
2022-01-15 2661 19 32
2022-01-17 2661 19 32
2022-01-19 2666 19 32
2022-01-21 2659 19 32
2022-01-23 2668 19 32
2022-01-25 2669 19 32
2022-01-27 2666 19 32
2022-01-29 2667 19 32
2022-01-31 2667 19 32
2022-02-01 2667 19 32
2022-02-03 2667 19 32
2022-02-05 2684 19 32
2022-02-07 2689 19 32
2022-02-09 2692 19 32
2022-02-11 2694 19 32
2022-02-13 2696 19 32
2022-02-15 2699 19 32
2022-02-17 2699 19 32
2022-02-19 2706 19 32
2022-02-21 2706 19 32
2022-02-23 2709 19 32
2022-02-25 2712 19 32
2022-02-27 2715 19 32
2022-03-01 2722 19 32
2022-03-03 2723 19 32
2022-03-05 2732 19 32
2022-03-07 2732 19 32
2022-03-09 2738 19 32
2022-03-11 2738 19 32
2022-03-13 2740 19 32
2022-03-15 2741 19 32
2022-03-17 2742 19 32
2022-03-19 2749 19 32
2022-03-21 2749 19 32
2022-03-23 2755 19 32
2022-03-25 2755 19 32
2022-03-27 2761 19 33
2022-03-29 2763 19 33
2022-03-31 2763 19 33
2022-04-01 2763 19 33
2022-04-03 2766 19 33
2022-04-05 2766 19 33
2022-04-07 2768 19 33
2022-04-09 2772 19 33
2022-04-11 2772 19 33
2022-04-13 2778 19 33
2022-04-15 2780 19 33
2022-04-17 2786 19 33
2022-04-19 2788 19 33
2022-04-21 2789 19 33
2022-04-23 2791 19 33
2022-04-25 2791 19 33
2022-04-27 2794 19 33
2022-04-29 2795 19 33
2022-05-01 2797 19 33
2022-05-03 2799 19 33
2022-05-05 2802 19 33
2022-05-07 2802 19 33
2022-05-09 2802 19 33
2022-05-11 2807 19 33
2022-05-13 2808 19 33
2022-05-15 2814 19 33
2022-05-17 2821 19 33
2022-05-19 2821 19 33
2022-05-21 2825 19 33
2022-05-23 2825 19 33
2022-05-25 2831 19 33
2022-05-27 2832 19 33
2022-05-29 2836 19 33
2022-05-31 2837 19 33
2022-06-01 2837 19 33
2022-06-03 2837 19 33
2022-06-05 2842 19 33
2022-06-07 2848 19 33
2022-06-09 2849 19 33
2022-06-11 2855 19 33
2022-06-13 2855 19 33
2022-06-15 2855 19 33
2022-06-17 2862 19 34
2022-06-19 2863 19 34
2022-06-21 2870 19 34
2022-06-23 2870 19 34
2022-06-25 2872 19 34
2022-06-27 2875 19 34
2022-06-29 2879 19 34
2022-07-01 2880 19 34
2022-07-03 2888 19 34
2022-07-05 2898 19 34
2022-07-07 2898 19 34
2022-07-09 2901 19 34
2022-07-11 2901 19 34
2022-07-13 2904 19 34
2022-07-15 2906 19 34
2022-07-17 2912 19 34
2022-07-19 2912 19 34
2022-07-21 2912 19 34
2022-07-23 2918 19 34
2022-07-25 2918 19 34
2022-07-27 2925 19 34
2022-07-29 2923 19 34
2022-07-31 2929 19 34
2022-08-01 2929 19 34
2022-08-03 2930 19 34
2022-08-05 2937 19 34
2022-08-07 2941 19 34
2022-08-09 2943 19 34
2022-08-11 2945 19 34
2022-08-13 2948 20 34
2022-08-15 2948 20 34
2022-08-17 2946 20 34
2022-08-19 2955 20 34
2022-08-21 2960 20 34
2022-08-23 2968 20 34
2022-08-25 2969 20 34
2022-08-27 2972 20 34
2022-08-29 2972 20 34
2022-08-31 2976 20 34
2022-09-01 2979 20 34
2022-09-03 2979 20 34
2022-09-05 2979 20 34
2022-09-07 2978 20 34
2022-09-09 2978 20 34
2022-09-11 2984 20 34
2022-09-13 2994 20 34
2022-09-15 2988 20 34
2022-09-17 2994 20 34
2022-09-19 2994 20 34
2022-09-21 3002 20 34
2022-09-23 3005 20 34
2022-09-25 3008 20 34
2022-09-27 3019 20 34
2022-09-29 3019 20 34
2022-10-01 3025 20 34
2022-10-03 3025 20 34
2022-10-05 3039 20 34
2022-10-07 3031 20 34
2022-10-09 3044 20 34
2022-10-11 3046 20 34
2022-10-13 3047 20 34
2022-10-15 3054 20 34
2022-10-17 3054 20 34
2022-10-19 3058 20 34
2022-10-21 3051 20 34
2022-10-23 3062 21 34
2022-10-25 3068 21 34
2022-10-27 3068 21 34
2022-10-29 3083 21 34
2022-10-31 3083 21 34
2022-11-01 3088 21 34
2022-11-03 3079 21 34
2022-11-05 3080 21 34
2022-11-07 3080 21 34
2022-11-09 3094 21 34
2022-11-11 3096 21 34
2022-11-13 3099 21 34
2022-11-15 3091 21 34
2022-11-17 3093 21 34
2022-11-19 3108 21 34
2022-11-21 3108 21 34
2022-11-23 3100 21 34
2022-11-25 3122 21 34
2022-11-27 3111 21 35
2022-11-29 3131 21 35
2022-12-01 3131 21 35
2022-12-03 3137 21 35
2022-12-05 3137 21 35
2022-12-07 3142 21 35
2022-12-09 3145 21 35
2022-12-11 3129 21 35
2022-12-13 3129 21 35
2022-12-15 3133 21 35
2022-12-17 3133 21 35
2022-12-19 3133 21 35
2022-12-21 3159 21 35
2022-12-23 3159 21 35
2022-12-25 3164 21 35
2022-12-27 3164 21 35
2022-12-29 3167 21 35
2022-12-31 3167 21 35
2023-01-01 3167 21 35
2023-01-03 3172 21 35
2023-01-05 3175 21 35
2023-01-07 3180 21 35
2023-01-09 3180 21 35
2023-01-11 3181 21 35
2023-01-13 3184 21 35
2023-01-15 3185 21 35
2023-01-17 3193 21 35
2023-01-19 3198 22 35
2023-01-21 3198 22 35
2023-01-23 3205 22 35
2023-01-25 3205 22 35
2023-01-27 3169 21 33
2023-01-29 3174 21 33
2023-01-31 3180 21 33
2023-02-01 3180 21 33
2023-02-03 3185 21 33
2023-02-05 3188 21 33
2023-02-07 3192 21 33
2023-02-09 3191 21 33
2023-02-11 3198 21 33
2023-02-13 3198 21 33
2023-02-15 3200 21 33
2023-02-17 3204 21 33
2023-02-19 3207 21 33
2023-02-21 3210 21 33
2023-02-23 3211 21 33
2023-02-25 3213 21 33
2023-02-27 3213 21 33
2023-03-01 3215 21 33
2023-03-03 3218 21 33
2023-03-05 3223 21 33
2023-03-07 3228 21 33
2023-03-09 3229 21 33
2023-03-11 3230 21 33
2023-03-13 3230 21 33
2023-03-15 3233 21 33
2023-03-17 3237 21 33
2023-03-19 3241 22 33
2023-03-21 3242 22 33
2023-03-23 3243 22 33
2023-03-25 3247 22 33
2023-03-27 3247 22 33
2023-03-29 3254 22 33
2023-03-31 3258 22 33
2023-04-01 3265 22 34
2023-04-03 3265 22 34
