# Seul-Ki Yeom, Technische Universität Berlin - Machine Learning Group
# datestring citations hindex i10index
2013-12-31 7 none none
2014-12-31 17 none none
2015-12-31 38 none none
2016-12-31 56 none none
2017-12-31 97 none none
2018-12-31 140 none none
2019-12-31 213 none none
2020-09-19 298 8 6
2020-09-21 298 8 6
2020-09-23 298 8 6
2020-09-25 298 8 6
2020-09-27 298 8 6
2020-09-29 298 8 6
2020-10-01 298 8 6
2020-10-03 299 8 6
2020-10-05 299 8 6
2020-10-07 299 8 6
2020-10-09 299 8 6
2020-10-11 300 8 6
2020-10-13 303 8 6
2020-10-15 304 8 6
2020-10-17 306 8 6
2020-10-19 306 8 6
2020-10-21 306 8 6
2020-10-23 306 8 6
2020-10-25 306 8 6
2020-10-27 306 8 6
2020-10-29 306 8 6
2020-10-31 306 8 6
2020-11-01 306 8 6
2020-11-03 308 8 6
2020-11-05 308 8 6
2020-11-07 308 8 6
2020-11-09 308 8 6
2020-11-11 308 8 6
2020-11-13 308 8 6
2020-11-15 308 8 6
2020-11-17 308 8 6
2020-11-19 309 8 6
2020-11-21 309 8 6
2020-11-23 310 8 6
2020-11-25 310 8 6
2020-11-27 310 8 6
2020-11-29 312 8 7
2020-12-01 312 8 7
2020-12-03 312 8 7
2020-12-05 312 8 7
2020-12-07 314 8 7
2020-12-09 314 8 7
2020-12-11 314 8 7
2020-12-13 322 8 7
2020-12-15 324 8 7
2020-12-17 324 8 7
2020-12-19 327 8 7
2020-12-21 327 8 7
2020-12-23 328 8 7
2020-12-25 328 8 7
2020-12-27 329 8 7
2020-12-29 329 8 7
2020-12-31 329 8 7
2021-01-01 329 8 7
2021-01-03 329 8 7
2021-01-05 329 8 7
2021-01-07 329 8 7
2021-01-09 329 8 7
2021-01-11 329 8 7
2021-01-13 329 8 7
2021-01-15 329 8 7
2021-01-17 331 8 7
2021-01-19 331 8 7
2021-01-21 331 8 7
2021-01-23 331 8 7
2021-01-25 338 8 8
2021-01-27 339 8 8
2021-01-29 339 8 8
2021-01-31 339 8 8
2021-02-01 339 8 8
2021-02-03 339 8 8
2021-02-05 339 8 8
2021-02-07 340 8 8
2021-02-09 340 8 8
2021-02-11 341 8 8
2021-02-13 341 8 8
2021-02-15 341 8 8
2021-02-17 341 8 8
2021-02-19 341 8 8
2021-02-23 343 8 8
2021-02-25 344 8 8
2021-02-27 344 8 8
2021-03-01 344 8 8
2021-03-03 345 8 8
2021-03-05 345 8 8
2021-03-07 344 8 8
2021-03-09 346 8 8
2021-03-11 346 8 8
2021-03-13 347 8 8
2021-03-15 347 8 8
2021-03-17 348 8 8
2021-03-19 348 8 8
2021-03-21 348 8 8
2021-03-23 348 8 8
2021-03-25 348 8 8
2021-03-27 349 8 8
2021-03-29 349 8 8
2021-03-31 349 8 8
2021-04-01 349 8 8
2021-04-03 349 8 8
2021-04-05 349 8 8
2021-04-07 351 8 8
2021-04-09 351 8 8
2021-04-11 351 8 8
2021-04-13 352 8 8
2021-04-15 352 8 8
2021-04-17 352 8 8
2021-04-19 353 8 8
2021-04-21 354 8 8
2021-04-23 354 8 8
2021-04-25 355 8 8
2021-04-27 355 8 8
2021-04-29 355 8 8
2021-05-01 355 8 8
2021-05-03 355 8 8
2021-05-05 355 8 8
2021-05-07 355 8 8
2021-05-09 356 8 8
2021-05-13 356 8 8
2021-05-15 356 8 8
2021-05-17 356 8 8
2021-05-19 357 8 8
2021-05-21 357 8 8
2021-05-23 359 8 8
2021-05-25 360 8 8
2021-05-27 360 8 8
2021-05-29 360 8 8
2021-05-31 361 8 8
2021-06-01 362 8 8
2021-06-03 362 8 8
2021-06-05 362 8 8
2021-06-07 362 8 8
2021-06-09 366 8 8
2021-06-11 366 8 8
2021-06-13 366 8 8
2021-06-15 366 8 8
2021-06-17 366 8 8
2021-06-19 367 8 8
2021-06-21 367 8 8
2021-06-23 368 8 8
2021-06-25 367 8 8
2021-06-27 367 8 8
2021-06-29 367 8 8
2021-07-01 392 8 7
2021-07-03 392 8 7
2021-07-05 393 8 7
2021-07-07 393 8 7
2021-07-09 394 8 7
2021-07-11 394 8 7
2021-07-13 394 8 7
2021-07-15 394 8 7
2021-07-17 394 8 7
2021-07-19 394 8 7
2021-07-21 395 8 7
2021-07-23 396 8 8
2021-07-25 396 8 8
2021-07-27 397 8 8
2021-07-29 397 8 8
2021-07-31 397 8 8
2021-08-01 398 8 8
2021-08-03 397 8 8
2021-08-05 397 8 8
2021-08-07 398 8 8
2021-08-09 399 8 8
2021-08-11 400 8 8
2021-08-13 401 8 8
2021-08-15 401 8 8
2021-08-17 401 8 8
2021-08-21 401 8 8
2021-08-23 401 8 8
2021-08-27 401 8 8
2021-08-29 401 8 8
2021-08-31 403 8 8
2021-09-01 403 8 8
2021-09-03 403 8 8
2021-09-05 404 8 8
2021-09-07 406 8 8
2021-09-09 406 8 8
2021-09-11 403 8 8
2021-09-13 403 8 8
2021-09-15 404 8 8
2021-09-17 404 8 8
2021-09-19 406 8 8
2021-09-25 408 8 8
2021-09-27 407 8 8
2021-09-29 412 8 8
2021-10-01 413 8 8
2021-10-03 413 8 8
2021-10-05 413 8 8
2021-10-07 413 8 8
2021-10-09 413 8 8
2021-10-11 413 8 8
2021-10-13 413 8 8
2021-10-15 413 8 8
2021-10-17 414 8 8
2021-10-19 414 8 8
2021-10-21 415 8 8
2021-10-23 410 8 8
2021-10-25 417 8 8
2021-10-27 417 8 8
2021-10-29 417 8 8
2021-10-31 417 8 8
2021-11-01 417 8 8
2021-11-03 417 8 8
2021-11-05 418 8 8
2021-11-07 418 8 8
2021-11-09 418 8 8
2021-11-11 418 8 8
2021-11-13 419 8 8
2021-11-15 419 8 8
2021-11-17 414 8 8
2021-11-19 414 8 8
2021-11-21 415 8 8
2021-11-23 421 8 8
2021-11-25 421 8 8
2021-11-27 421 8 8
2021-11-29 421 8 8
2021-12-01 417 8 8
2021-12-03 421 8 8
2021-12-05 422 8 8
2021-12-07 422 8 8
2021-12-09 425 8 8
2021-12-11 422 8 8
2021-12-13 422 8 8
2021-12-15 431 8 8
2021-12-17 434 8 8
2021-12-19 441 8 8
2021-12-21 441 8 8
2021-12-23 433 8 8
2021-12-25 443 8 8
2021-12-27 443 8 8
2021-12-29 445 8 8
2021-12-31 445 8 8
2022-01-01 446 8 8
2022-01-03 446 8 8
2022-01-05 446 8 8
2022-01-07 446 8 8
2022-01-09 446 8 8
2022-01-11 445 8 8
2022-01-13 445 8 8
2022-01-15 446 8 8
2022-01-17 446 8 8
2022-01-19 447 8 8
2022-01-21 446 8 7
2022-01-23 446 8 7
2022-01-25 447 8 7
2022-01-27 447 8 7
2022-01-29 448 8 7
2022-01-31 448 8 7
2022-02-01 448 8 7
2022-02-03 448 8 7
2022-02-05 455 8 7
2022-02-07 456 8 7
2022-02-09 457 8 7
2022-02-11 458 8 7
2022-02-13 459 8 7
2022-02-15 459 8 7
2022-02-17 458 8 7
2022-02-19 460 8 7
2022-02-21 460 8 7
2022-02-23 461 8 7
2022-02-25 461 8 7
2022-02-27 464 8 7
2022-03-01 465 8 7
2022-03-03 465 8 7
2022-03-05 466 8 7
2022-03-07 466 8 7
2022-03-09 467 8 7
2022-03-11 469 8 7
2022-03-13 465 8 7
2022-03-15 468 8 7
2022-03-17 468 8 7
2022-03-19 466 8 7
2022-03-21 466 8 7
2022-03-23 467 8 7
2022-03-25 469 8 7
2022-03-27 471 8 7
2022-03-29 468 8 7
2022-03-31 473 8 7
2022-04-01 473 8 7
2022-04-03 468 8 7
2022-04-05 474 9 7
2022-04-07 474 9 7
2022-04-09 475 9 7
2022-04-11 475 9 7
2022-04-13 480 9 7
2022-04-15 481 9 7
2022-04-17 474 9 7
2022-04-19 480 9 7
2022-04-21 475 9 7
2022-04-23 482 9 7
2022-04-25 482 9 7
2022-04-27 481 9 7
2022-04-29 487 9 7
2022-05-01 486 9 7
2022-05-03 489 9 7
2022-05-05 489 9 7
2022-05-07 487 9 7
2022-05-09 487 9 7
2022-05-11 490 9 7
2022-05-13 485 9 7
2022-05-15 486 9 7
2022-05-17 492 9 7
2022-05-19 494 9 7
2022-05-21 494 9 7
2022-05-23 494 9 7
2022-05-25 495 9 7
2022-05-27 495 9 7
2022-05-29 496 9 7
2022-05-31 497 9 7
2022-06-01 497 9 7
2022-06-03 495 9 7
2022-06-05 496 9 7
2022-06-07 492 9 7
2022-06-09 493 9 7
2022-06-11 493 9 7
2022-06-13 493 9 7
2022-06-15 493 9 7
2022-06-17 489 9 7
2022-06-19 489 9 7
2022-06-21 491 9 7
2022-06-23 491 9 7
2022-06-25 491 9 7
2022-06-27 493 9 7
2022-06-29 493 9 7
2022-07-01 493 9 7
2022-07-03 493 9 7
2022-07-05 497 9 7
2022-07-07 497 9 7
2022-07-09 500 9 8
2022-07-11 500 9 8
2022-07-13 503 9 8
2022-07-15 504 9 8
2022-07-17 504 9 8
2022-07-19 507 9 8
2022-07-21 507 9 8
2022-07-23 508 9 8
2022-07-25 508 9 8
2022-07-27 509 9 8
2022-07-29 508 9 8
2022-07-31 512 9 8
2022-08-01 512 9 8
2022-08-03 519 9 8
2022-08-05 520 9 8
2022-08-07 520 9 8
2022-08-09 516 9 8
2022-08-11 520 9 8
2022-08-13 521 9 8
2022-08-15 521 9 8
2022-08-17 522 9 8
2022-08-19 518 9 8
2022-08-21 519 9 8
2022-08-23 525 9 8
2022-08-25 525 9 8
2022-08-27 526 9 8
2022-08-29 526 9 8
2022-08-31 523 9 8
2022-09-01 529 9 8
2022-09-03 530 9 8
2022-09-05 530 9 8
2022-09-07 533 9 8
2022-09-09 534 9 8
2022-09-11 534 9 8
2022-09-13 536 9 8
2022-09-15 536 9 8
2022-09-17 531 9 8
2022-09-19 531 9 8
2022-09-21 540 9 8
2022-09-23 540 9 8
2022-09-25 543 9 8
2022-09-27 545 9 8
2022-09-29 546 9 8
2022-10-01 548 9 9
2022-10-03 548 9 9
2022-10-05 543 9 9
2022-10-07 548 9 9
2022-10-09 545 9 9
2022-10-11 551 9 9
2022-10-13 551 9 9
2022-10-15 552 9 9
2022-10-17 552 9 9
2022-10-19 553 9 9
2022-10-21 546 9 9
2022-10-23 552 9 9
2022-10-25 555 9 9
2022-10-27 555 9 9
2022-10-29 558 9 9
2022-10-31 558 9 9
2022-11-01 552 9 9
2022-11-03 558 9 9
2022-11-05 551 9 9
2022-11-07 551 9 9
2022-11-09 555 9 9
2022-11-11 564 9 9
2022-11-13 565 9 9
2022-11-15 564 9 9
2022-11-17 564 9 9
2022-11-19 566 9 9
2022-11-21 566 9 9
2022-11-23 568 9 9
2022-11-25 572 9 9
2022-11-27 563 9 9
2022-11-29 565 9 9
2022-12-01 565 9 9
2022-12-03 569 9 9
2022-12-05 569 9 9
2022-12-07 577 9 9
2022-12-09 577 9 9
2022-12-11 568 9 9
2022-12-13 568 9 9
2022-12-15 579 9 9
2022-12-17 579 9 9
2022-12-19 579 9 9
2022-12-21 580 9 9
2022-12-23 582 9 9
2022-12-25 582 9 9
2022-12-27 573 9 9
2022-12-29 574 9 9
2022-12-31 585 9 9
2023-01-01 585 9 9
2023-01-03 586 9 9
2023-01-05 586 9 9
2023-01-07 586 9 9
2023-01-09 586 9 9
2023-01-11 588 9 9
2023-01-13 589 9 9
2023-01-15 589 9 9
2023-01-17 590 9 9
2023-01-19 590 9 9
2023-01-21 590 9 9
2023-01-23 590 9 9
2023-01-25 590 9 9
2023-01-27 604 9 9
2023-01-29 604 9 9
2023-01-31 604 9 9
2023-02-01 604 9 9
2023-02-03 605 9 9
2023-02-05 605 9 9
2023-02-07 608 9 9
2023-02-09 608 9 9
2023-02-11 609 9 9
2023-02-13 609 9 9
2023-02-15 609 9 9
2023-02-17 609 9 9
2023-02-19 609 9 9
2023-02-21 611 9 9
2023-02-23 613 9 9
2023-02-25 613 9 9
2023-02-27 613 9 9
2023-03-01 615 9 9
2023-03-03 615 9 9
2023-03-05 616 9 9
2023-03-07 621 9 9
2023-03-09 621 9 9
2023-03-11 620 9 9
2023-03-13 620 9 9
2023-03-15 622 9 9
2023-03-17 622 9 9
2023-03-19 622 9 9
2023-03-21 623 9 9
2023-03-23 624 9 9
2023-03-25 625 9 9
2023-03-27 625 9 9
2023-03-29 624 9 9
2023-03-31 625 9 9
2023-04-01 626 9 9
2023-04-03 626 9 9
2023-04-05 624 9 9
2023-04-07 627 9 9
2023-04-09 631 9 9
2023-04-11 628 9 9
2023-04-13 632 9 9
2023-04-15 634 9 9
2023-04-17 634 9 9
2023-04-19 634 9 9
2023-04-21 635 9 9
2023-04-23 637 9 9
2023-04-27 639 9 9
2023-04-29 638 9 9
2023-05-01 638 9 9
2023-05-03 641 9 9
2023-05-05 641 9 9
2023-05-07 641 9 9
2023-05-09 641 9 9
2023-05-11 642 9 9
2023-05-13 646 9 9
2023-05-15 646 9 9
2023-05-17 648 9 9
2023-05-19 650 9 9
2023-05-21 650 9 9
2023-05-23 651 9 9
2023-05-25 651 9 9
2023-05-27 652 9 9
2023-05-29 652 9 9
2023-05-31 654 9 9
2023-06-01 651 9 9
2023-06-03 655 9 9
2023-06-05 655 9 9
2023-06-07 649 9 9
2023-06-09 656 9 9
2023-06-11 659 9 9
2023-06-13 660 9 9
2023-06-15 662 9 9
2023-06-17 655 9 9
2023-06-19 655 9 9
2023-06-21 665 9 9
2023-06-23 667 9 9
2023-06-25 668 9 9
2023-06-27 670 9 9
2023-06-29 670 9 9
2023-07-01 670 9 9
2023-07-03 601 9 9
2023-07-05 601 9 9
2023-07-07 601 9 9
2023-07-09 601 9 9
2023-07-11 603 9 9
2023-07-13 603 9 9
2023-07-23 605 9 9
2023-07-25 605 9 9
2023-07-27 606 9 9
2023-07-29 606 9 9
2023-07-31 607 9 9
2023-08-01 609 9 9
2023-08-03 610 9 9
2023-08-05 610 9 9
2023-08-07 614 9 9
2023-08-09 614 9 9
2023-08-11 614 9 9
2023-08-13 614 9 9
2023-08-15 614 9 9
2023-08-17 614 9 9
2023-08-19 614 9 9
2023-08-21 614 9 9
2023-08-23 614 9 9
2023-08-25 614 9 9
2023-08-27 615 9 9
2023-08-29 616 10 10
2023-08-31 616 10 10
2023-09-01 616 10 10
2023-09-03 616 10 10
2023-09-05 617 10 10
2023-09-07 618 10 10
2023-09-09 619 10 10
2023-09-11 619 10 10
2023-09-13 620 10 10
2023-09-15 620 10 10
2023-09-17 620 10 10
2023-09-19 620 10 10
2023-09-21 621 10 10
2023-09-23 621 10 10
2023-09-25 622 10 10
2023-09-27 622 10 10
2023-09-29 621 10 10
2023-10-01 621 10 10
2023-10-03 621 10 10
2023-10-05 621 10 10
2023-10-07 621 10 10
2023-10-09 624 10 10
2023-10-11 624 10 10
2023-10-13 625 10 10
2023-10-15 626 10 10
2023-10-17 626 10 10
2023-10-19 626 10 10
2023-10-21 626 10 10
2023-10-23 626 10 10
2023-10-25 626 10 10
2023-10-27 629 10 10
2023-10-29 629 10 10
2023-10-31 629 10 10
2023-11-01 630 10 10
2023-11-03 633 10 10
2023-11-05 634 10 10
2023-11-07 635 10 10
2023-11-09 635 10 10
2023-11-11 638 10 10
2023-11-13 638 10 10
2023-11-15 640 10 10
2023-11-17 640 10 10
2023-11-19 640 10 10
2023-11-21 641 10 10
2023-11-23 642 10 10
2023-11-25 643 10 10
2023-11-27 643 10 10
2023-11-29 643 10 10
2023-12-01 644 10 10
2023-12-03 644 10 10
2023-12-05 643 10 10
2023-12-07 644 10 10
2023-12-09 645 10 10
2023-12-11 645 10 10
2023-12-13 646 10 10
2023-12-15 646 10 10
2023-12-17 649 10 10
2023-12-19 649 10 10
2023-12-21 652 10 10
2023-12-23 652 10 10
2023-12-25 654 10 10
2023-12-27 655 10 10
2023-12-29 656 10 10
2023-12-31 657 10 10
2024-01-01 657 10 10
2024-01-03 657 10 10
2024-01-05 657 10 10
2024-01-07 658 10 10
2024-01-09 660 10 10
2024-01-11 660 10 10
2024-01-13 660 10 10
2024-01-15 660 10 10
2024-01-17 660 10 10
2024-01-19 660 10 10
2024-01-21 661 10 10
2024-01-25 661 10 10
2024-01-29 662 10 10
2024-01-31 665 10 10
2024-02-07 670 10 10
2024-02-09 670 10 10
2024-02-11 671 10 10
2024-02-13 671 10 10
2024-02-15 673 10 10
2024-02-17 673 10 10
2024-02-19 673 10 10
2024-02-21 674 10 10
2024-02-23 674 10 10
2024-02-25 674 10 10
2024-02-27 678 10 10
2024-02-29 678 10 10
2024-03-01 678 10 10
2024-03-03 679 10 10
2024-03-05 679 10 10
2024-03-07 679 10 10
2024-03-09 679 10 10
2024-03-11 693 10 10
2024-03-13 693 10 10
2024-03-15 693 10 10
2024-03-17 693 10 10
2024-03-19 693 10 10
2024-03-21 694 10 10
2024-03-23 695 10 10
2024-03-25 696 10 10
2024-03-27 696 10 10
2024-03-29 699 10 10
2024-03-31 700 10 10
2024-04-01 701 10 10
2024-04-05 701 10 10
2024-04-07 703 10 10
2024-04-09 704 10 10
2024-04-11 704 10 10
2024-04-13 705 10 10
2024-04-17 707 10 10
2024-04-19 708 10 10
2024-04-21 709 10 10
2024-04-23 709 10 10
2024-04-25 710 10 10
2024-04-27 710 10 10
2024-04-29 711 10 10
2024-05-01 711 10 10
2024-05-03 711 10 10
2024-05-05 711 10 10
2024-05-07 711 10 10
2024-05-09 712 10 10
2024-05-11 713 10 10
2024-05-13 715 10 10
2024-05-15 715 10 10
2024-05-17 716 10 10
2024-05-19 718 10 10
2024-05-21 719 10 10
2024-05-23 719 10 10
2024-05-25 721 10 10
2024-05-27 721 10 10
2024-05-29 721 10 10
2024-05-31 721 10 10
2024-06-01 721 10 10
2024-06-03 721 10 10
2024-06-05 721 10 10
2024-06-07 721 10 10
2024-06-09 722 10 10
2024-06-11 722 10 10
2024-06-13 722 10 10
2024-06-15 722 10 10
2024-06-17 725 10 10
2024-06-19 724 10 10
2024-06-21 724 10 10
2024-06-23 725 10 10
2024-06-25 725 10 10
2024-06-27 725 10 10
2024-06-29 784 10 10
2024-07-01 786 10 10
2024-07-03 786 10 10
2024-07-05 786 10 10
2024-07-07 786 10 10
2024-07-09 788 10 10
2024-07-11 788 10 10
