# Patrick Wagner, Research Associate, Fraunhofer Institute for Telecommunications, Heinrich Hertz Institute, HHI
# datestring citations hindex i10index
2019-12-31 3 none none
2020-12-23 40 4 2
2020-12-25 41 4 2
2020-12-27 41 4 2
2020-12-29 44 5 2
2020-12-31 44 5 2
2021-01-01 39 4 2
2021-01-03 40 4 2
2021-01-05 40 4 2
2021-01-07 40 4 2
2021-01-09 42 4 2
2021-01-11 42 4 2
2021-01-13 43 4 2
2021-01-15 44 4 2
2021-01-17 44 4 2
2021-01-19 44 4 2
2021-01-21 44 4 2
2021-01-23 44 4 2
2021-01-25 55 5 2
2021-01-27 51 4 2
2021-01-29 51 4 2
2021-01-31 51 4 2
2021-02-01 51 4 2
2021-02-03 51 4 2
2021-02-05 51 4 2
2021-02-07 52 4 2
2021-02-09 52 4 2
2021-02-11 52 4 2
2021-02-13 52 4 2
2021-02-15 52 4 2
2021-02-17 52 4 2
2021-02-19 52 4 2
2021-02-23 53 4 2
2021-02-25 54 4 2
2021-02-27 54 4 2
2021-03-01 56 4 3
2021-03-03 57 4 3
2021-03-05 60 4 3
2021-03-07 62 4 3
2021-03-09 62 4 3
2021-03-11 62 4 3
2021-03-13 65 4 4
2021-03-15 65 4 4
2021-03-17 67 4 4
2021-03-19 68 4 4
2021-03-21 72 4 4
2021-03-23 72 4 4
2021-03-25 72 4 4
2021-03-27 72 4 4
2021-03-29 75 4 4
2021-03-31 77 4 4
2021-04-01 77 4 4
2021-04-03 78 4 4
2021-04-05 78 4 4
2021-04-07 78 4 4
2021-04-09 78 4 4
2021-04-11 76 4 4
2021-04-13 79 4 4
2021-04-15 79 4 4
2021-04-17 79 4 4
2021-04-19 78 4 4
2021-04-21 81 4 4
2021-04-23 81 4 4
2021-04-25 82 4 4
2021-04-27 82 4 4
2021-04-29 82 4 4
2021-05-01 83 4 4
2021-05-03 83 4 4
2021-05-05 83 4 4
2021-05-07 84 4 4
2021-05-09 85 4 4
2021-05-13 86 4 4
2021-05-15 86 4 4
2021-05-17 86 4 4
2021-05-19 87 4 4
2021-05-21 87 4 4
2021-05-23 87 4 4
2021-05-25 90 4 4
2021-05-27 90 4 4
2021-05-29 91 4 4
2021-05-31 93 4 4
2021-06-01 93 4 4
2021-06-03 94 4 4
2021-06-05 95 4 4
2021-06-07 95 4 4
2021-06-09 96 4 4
2021-06-11 96 4 4
2021-06-13 99 4 4
2021-06-15 100 4 4
2021-06-17 100 4 4
2021-06-19 100 4 4
2021-06-21 100 4 4
2021-06-23 100 4 4
2021-06-25 99 4 4
2021-06-27 99 4 4
2021-06-29 99 4 4
2021-07-01 104 4 4
2021-07-03 107 4 4
2021-07-05 107 4 4
2021-07-07 107 4 4
2021-07-09 107 4 4
2021-07-11 107 4 4
2021-07-13 107 4 4
2021-07-15 107 4 4
2021-07-17 108 4 4
2021-07-19 108 4 4
2021-07-21 109 4 4
2021-07-23 110 4 4
2021-07-25 111 4 4
2021-07-27 112 4 4
2021-07-29 112 4 4
2021-07-31 112 4 4
2021-08-01 112 4 4
2021-08-03 116 4 4
2021-08-05 116 4 4
2021-08-07 116 4 4
2021-08-09 119 4 4
2021-08-11 119 4 4
2021-08-13 119 4 4
2021-08-15 120 4 4
2021-08-17 121 4 4
2021-08-21 122 4 4
2021-08-23 122 4 4
2021-08-27 123 4 4
2021-08-29 123 4 4
2021-08-31 126 4 4
2021-09-01 126 4 4
2021-09-03 128 4 4
2021-09-05 129 4 4
2021-09-07 130 4 4
2021-09-09 130 4 4
2021-09-11 130 4 4
2021-09-13 130 4 4
2021-09-15 131 4 4
2021-09-17 132 4 4
2021-09-19 137 4 4
2021-09-21 137 4 4
2021-09-23 138 4 4
2021-09-25 138 4 4
2021-09-27 139 4 4
2021-09-29 144 4 4
2021-10-01 144 4 4
2021-10-03 146 4 4
2021-10-05 150 4 4
2021-10-07 150 4 4
2021-10-09 150 4 4
2021-10-11 153 4 4
2021-10-13 154 4 4
2021-10-15 155 4 4
2021-10-17 156 4 4
2021-10-19 156 4 4
2021-10-21 156 4 4
2021-10-23 157 4 4
2021-10-25 157 4 4
2021-10-27 159 4 4
2021-10-29 160 4 4
2021-10-31 160 4 4
2021-11-01 160 4 4
2021-11-03 162 4 4
2021-11-05 164 4 4
2021-11-07 166 4 4
2021-11-09 166 4 4
2021-11-11 167 4 4
2021-11-13 170 4 4
2021-11-15 170 4 4
2021-11-17 171 4 4
2021-11-19 171 4 4
2021-11-21 172 4 4
2021-11-23 173 4 4
2021-11-25 173 4 4
2021-11-27 173 4 4
2021-11-29 173 4 4
2021-12-01 175 4 4
2021-12-03 175 4 4
2021-12-05 177 4 4
2021-12-07 177 4 4
2021-12-09 176 4 4
2021-12-11 181 4 4
2021-12-13 181 4 4
2021-12-15 186 4 4
2021-12-17 186 4 4
2021-12-19 187 4 4
2021-12-21 189 4 4
2021-12-23 189 4 4
2021-12-25 190 4 4
2021-12-27 190 4 4
2021-12-29 191 4 4
2021-12-31 191 4 4
2022-01-01 192 4 4
2022-01-03 192 4 4
2022-01-05 194 4 4
2022-01-07 193 4 4
2022-01-09 194 4 4
2022-01-11 195 4 4
2022-01-13 193 4 4
2022-01-15 221 4 4
2022-01-17 221 4 4
2022-01-19 224 4 4
2022-01-21 224 4 4
2022-01-23 227 4 4
2022-01-25 229 4 4
2022-01-27 229 4 4
2022-01-29 231 4 4
2022-01-31 231 4 4
2022-02-01 231 4 4
2022-02-03 231 4 4
2022-02-05 233 4 4
2022-02-07 238 4 4
2022-02-09 240 4 4
2022-02-11 242 4 4
2022-02-13 247 4 4
2022-02-15 249 4 4
2022-02-17 249 4 4
2022-02-19 248 4 4
2022-02-21 248 4 4
2022-02-23 249 4 4
2022-02-25 249 4 4
2022-02-27 249 4 4
2022-03-01 252 4 4
2022-03-03 253 4 4
2022-03-05 253 4 4
2022-03-07 253 4 4
2022-03-09 254 4 4
2022-03-11 254 4 4
2022-03-13 254 4 4
2022-03-15 256 4 4
2022-03-17 256 4 4
2022-03-19 258 4 4
2022-03-21 258 4 4
2022-03-23 262 4 4
2022-03-25 262 4 4
2022-03-27 265 4 4
2022-03-29 265 4 4
2022-03-31 265 4 4
2022-04-01 265 4 4
2022-04-03 268 4 4
2022-04-05 268 4 4
2022-04-07 268 4 4
2022-04-09 268 4 4
2022-04-11 268 4 4
2022-04-13 271 4 4
2022-04-15 271 4 4
2022-04-17 272 4 4
2022-04-19 273 4 4
2022-04-21 274 4 4
2022-04-23 275 4 4
2022-04-25 275 4 4
2022-04-27 278 4 4
2022-04-29 278 4 4
2022-05-01 281 4 4
2022-05-03 283 4 4
2022-05-05 283 4 4
2022-05-07 285 4 4
2022-05-09 285 4 4
2022-05-11 285 4 4
2022-05-13 287 4 4
2022-05-15 288 4 4
2022-05-17 292 4 4
2022-05-19 292 4 4
2022-05-21 292 4 4
2022-05-23 292 4 4
2022-05-25 295 4 4
2022-05-27 295 4 4
2022-05-29 298 4 4
2022-05-31 299 4 4
2022-06-01 299 4 4
2022-06-03 300 4 4
2022-06-05 303 4 4
2022-06-07 303 4 4
2022-06-09 303 4 4
2022-06-11 304 4 4
2022-06-13 304 4 4
2022-06-15 304 4 4
2022-06-17 308 4 4
2022-06-19 308 4 4
2022-06-21 311 4 4
2022-06-23 311 4 4
2022-06-25 312 4 4
2022-06-27 319 4 4
2022-06-29 321 4 4
2022-07-01 321 4 4
2022-07-03 327 4 4
2022-07-05 334 4 4
2022-07-07 333 4 4
2022-07-09 336 4 4
2022-07-11 336 4 4
2022-07-13 340 4 4
2022-07-15 340 4 4
2022-07-17 341 4 4
2022-07-19 342 4 4
2022-07-21 343 4 4
2022-07-23 343 4 4
2022-07-25 343 4 4
2022-07-27 345 4 4
2022-07-29 345 4 4
2022-07-31 349 4 4
2022-08-01 349 4 4
2022-08-03 351 4 4
2022-08-05 353 4 4
2022-08-07 357 4 4
2022-08-09 357 4 4
2022-08-11 356 4 4
2022-08-13 358 4 4
2022-08-15 358 4 4
2022-08-17 365 4 4
2022-08-19 366 4 4
2022-08-21 369 4 4
2022-08-23 370 4 4
2022-08-25 370 4 4
2022-08-27 374 4 4
2022-08-29 374 4 4
2022-08-31 376 4 4
2022-09-01 378 4 4
2022-09-03 381 4 4
2022-09-05 381 4 4
2022-09-07 386 4 4
2022-09-09 386 4 4
2022-09-11 388 4 4
2022-09-13 391 4 4
2022-09-15 391 4 4
2022-09-17 397 4 4
2022-09-19 397 4 4
2022-09-21 397 4 4
2022-09-23 402 4 4
2022-09-25 403 4 4
2022-09-27 405 4 4
2022-09-29 406 4 4
2022-10-01 406 4 4
2022-10-03 406 4 4
2022-10-05 411 4 4
2022-10-07 412 4 4
2022-10-09 413 4 4
2022-10-11 413 4 4
2022-10-13 415 4 4
2022-10-15 419 4 4
2022-10-17 419 4 4
2022-10-19 423 4 4
2022-10-21 424 4 4
2022-10-23 426 4 4
2022-10-25 426 4 4
2022-10-27 429 5 4
2022-10-29 430 5 4
2022-10-31 430 5 4
2022-11-01 432 5 4
2022-11-03 432 5 4
2022-11-05 432 5 4
2022-11-07 432 5 4
2022-11-09 435 5 4
2022-11-11 438 5 4
2022-11-13 438 5 4
2022-11-15 442 5 4
2022-11-17 444 5 4
2022-11-19 447 5 4
2022-11-21 447 5 4
2022-11-23 451 5 4
2022-11-25 454 5 4
2022-11-27 460 5 4
2022-11-29 462 5 4
2022-12-01 462 5 4
2022-12-03 472 5 4
2022-12-05 472 5 4
2022-12-07 474 5 4
2022-12-09 475 5 4
2022-12-11 477 5 4
2022-12-13 477 5 4
2022-12-15 482 5 4
2022-12-17 482 5 4
2022-12-19 482 5 4
2022-12-21 484 5 4
2022-12-23 484 5 4
2022-12-25 484 5 4
2022-12-27 484 6 4
2022-12-29 488 6 4
2022-12-31 487 6 4
2023-01-01 487 6 4
2023-01-03 493 6 4
2023-01-05 495 6 4
2023-01-07 501 6 4
2023-01-09 501 6 4
2023-01-11 509 6 4
2023-01-13 510 6 4
2023-01-15 516 6 4
2023-01-17 520 6 4
2023-01-19 522 6 4
2023-01-21 522 6 4
2023-01-23 519 6 4
2023-01-25 519 6 4
2023-01-27 530 6 4
2023-01-29 536 6 4
2023-01-31 542 6 4
2023-02-01 542 6 4
2023-02-03 544 6 4
2023-02-05 548 6 4
2023-02-07 548 6 4
2023-02-09 549 6 4
2023-02-11 551 6 4
2023-02-13 551 6 4
2023-02-15 553 6 4
2023-02-17 553 6 4
2023-02-19 557 6 4
2023-02-21 560 6 4
2023-02-23 564 6 4
2023-02-25 562 6 4
2023-02-27 562 6 4
2023-03-01 566 6 4
2023-03-03 569 6 4
2023-03-05 571 7 4
2023-03-07 573 7 4
2023-03-09 580 7 4
2023-03-11 579 7 4
2023-03-13 579 7 4
2023-03-15 581 7 4
2023-03-17 581 7 4
2023-03-19 584 7 4
2023-03-21 592 7 4
2023-03-23 591 7 4
2023-03-25 596 7 5
2023-03-27 596 7 5
2023-03-29 603 7 5
2023-03-31 604 7 5
2023-04-01 605 7 5
2023-04-03 605 7 5
2023-04-05 608 7 5
2023-04-07 610 7 5
2023-04-09 614 7 5
2023-04-11 618 7 5
2023-04-13 622 7 5
2023-04-15 622 7 5
2023-04-17 622 7 5
