# Francois Hug, Université de Nantes
# datestring citations hindex i10index
2005-12-31 22 none none
2006-12-31 75 none none
2007-12-31 127 none none
2008-12-31 209 none none
2009-12-31 348 none none
2010-12-31 459 none none
2011-12-31 706 none none
2012-12-31 1000 none none
2013-12-31 1361 none none
2014-12-31 1816 none none
2015-12-31 2332 none none
2016-12-31 2910 none none
2017-12-31 3573 none none
2018-12-31 4469 none none
2019-12-31 5245 none none
2020-09-19 6005 45 110
2020-09-21 6005 45 110
2020-09-23 6016 45 110
2020-09-25 6018 45 110
2020-09-27 6030 45 110
2020-09-29 6030 45 110
2020-10-01 6035 45 110
2020-10-03 6041 45 110
2020-10-05 6051 45 110
2020-10-07 6062 45 110
2020-10-09 6068 45 110
2020-10-11 6074 46 110
2020-10-13 6083 45 110
2020-10-15 6091 46 110
2020-10-17 6099 45 110
2020-10-19 6099 45 110
2020-10-21 6112 45 110
2020-10-23 6116 46 110
2020-10-25 6130 46 110
2020-10-27 6138 46 110
2020-10-29 6138 46 110
2020-10-31 6144 46 110
2020-11-01 6144 46 110
2020-11-03 6192 46 110
2020-11-05 6193 45 110
2020-11-07 6196 46 110
2020-11-09 6196 46 110
2020-11-11 6200 46 111
2020-11-13 6201 46 111
2020-11-15 6201 45 111
2020-11-17 6214 46 111
2020-11-19 6214 46 111
2020-11-21 6216 46 111
2020-11-23 6226 45 111
2020-11-25 6235 46 111
2020-11-27 6233 46 111
2020-11-29 6237 46 111
2020-12-01 6258 46 112
2020-12-03 6257 46 112
2020-12-05 6274 46 112
2020-12-07 6274 46 112
2020-12-09 6278 46 112
2020-12-11 6235 46 110
2020-12-13 6243 46 110
2020-12-15 6243 46 110
2020-12-17 6260 46 110
2020-12-19 6268 46 110
2020-12-21 6268 46 110
2020-12-23 6281 46 110
2020-12-25 6286 46 110
2020-12-27 6302 46 110
2020-12-29 6315 46 110
2020-12-31 6315 46 110
2021-01-01 6315 46 110
2021-01-03 6295 46 109
2021-01-05 6302 46 109
2021-01-07 6303 46 110
2021-01-09 6307 46 110
2021-01-11 6307 46 110
2021-01-13 6323 46 110
2021-01-15 6327 46 110
2021-01-17 6332 46 110
2021-01-19 6332 46 110
2021-01-21 6332 46 110
2021-01-23 6332 46 110
2021-01-25 6375 46 112
2021-01-27 6400 46 112
2021-01-29 6404 46 112
2021-01-31 6421 46 113
2021-02-01 6428 46 114
2021-02-03 6428 46 114
2021-02-05 6431 46 114
2021-02-07 6444 46 114
2021-02-09 6444 46 114
2021-02-11 6457 46 114
2021-02-13 6463 46 114
2021-02-15 6472 46 115
2021-02-17 6492 47 115
2021-02-19 6495 47 115
2021-02-23 6502 47 115
2021-02-25 6518 47 115
2021-02-27 6530 47 115
2021-03-01 6530 47 115
2021-03-03 6543 47 115
2021-03-05 6547 47 115
2021-03-07 6556 47 115
2021-03-09 6563 47 116
2021-03-11 6563 47 116
2021-03-13 6588 47 116
2021-03-15 6588 47 116
2021-03-17 6610 47 116
2021-03-19 6614 47 116
2021-03-21 6634 47 116
2021-03-23 6648 48 116
2021-03-25 6648 48 116
2021-03-27 6648 48 116
2021-03-29 6664 48 116
2021-03-31 6688 48 116
2021-04-01 6688 48 116
2021-04-03 6689 48 116
2021-04-05 6689 48 116
2021-04-07 6708 48 116
2021-04-09 6708 48 116
2021-04-11 6737 48 116
2021-04-13 6748 48 116
2021-04-15 6748 48 116
2021-04-17 6748 48 116
2021-04-19 6757 48 116
2021-04-21 6769 48 116
2021-04-23 6770 48 116
2021-04-25 6782 48 116
2021-04-27 6782 48 116
2021-04-29 6797 48 116
2021-05-01 6797 48 116
2021-05-03 6800 48 116
2021-05-05 6781 49 116
2021-05-07 6787 49 116
2021-05-09 6793 49 116
2021-05-13 6806 49 117
2021-05-15 6813 49 117
2021-05-17 6813 49 117
2021-05-19 6823 49 117
2021-05-21 6826 49 117
2021-05-23 6865 49 117
2021-05-25 6878 49 117
2021-05-27 6878 49 117
2021-05-29 6881 49 117
2021-05-31 6884 49 117
2021-06-01 6902 49 117
2021-06-03 6907 49 117
2021-06-05 6914 49 117
2021-06-07 6914 49 117
2021-06-09 6922 49 117
2021-06-11 6929 49 117
2021-06-13 6944 49 117
2021-06-15 6959 49 117
2021-06-17 6962 49 117
2021-06-19 6964 49 117
2021-06-21 6964 49 117
2021-06-23 6978 49 117
2021-06-25 6977 49 117
2021-06-27 6977 49 117
2021-06-29 6977 49 117
2021-07-01 6969 49 117
2021-07-03 6973 49 117
2021-07-05 6980 49 117
2021-07-07 6989 49 118
2021-07-09 6996 49 118
2021-07-11 7004 49 118
2021-07-13 7004 49 118
2021-07-15 7013 49 118
2021-07-17 7014 49 118
2021-07-19 7014 49 118
2021-07-21 7026 49 118
2021-07-23 7030 49 118
2021-07-25 7039 49 118
2021-07-27 7040 49 118
2021-07-29 7040 49 118
2021-07-31 7043 49 118
2021-08-01 7045 49 118
2021-08-03 7052 49 118
2021-08-05 7052 49 118
2021-08-07 7054 49 118
2021-08-09 7065 49 118
2021-08-11 7076 49 118
2021-08-13 7076 49 118
2021-08-15 7085 49 118
2021-08-17 7094 49 118
2021-08-21 7104 49 118
2021-08-23 7104 49 118
2021-08-27 7127 49 118
2021-08-29 7138 49 119
2021-08-31 7146 49 119
2021-09-01 7146 49 119
2021-09-03 7144 49 119
2021-09-05 7153 49 119
2021-09-07 7165 49 120
2021-09-09 7165 49 120
2021-09-11 7168 49 120
2021-09-13 7173 49 120
2021-09-15 7180 49 120
2021-09-17 7182 49 120
2021-09-19 7196 49 120
2021-09-25 7211 50 120
2021-09-27 7221 50 121
2021-09-29 7225 50 121
2021-10-01 7226 50 121
2021-10-03 7236 50 121
2021-10-05 7236 50 121
2021-10-07 7243 50 121
2021-10-09 7243 50 121
2021-10-11 7250 50 121
2021-10-13 7255 50 121
2021-10-15 7258 50 121
2021-10-17 7258 50 121
2021-10-19 7265 50 121
2021-10-21 7275 50 121
2021-10-23 7281 50 121
2021-10-25 7295 50 122
2021-10-27 7305 50 122
2021-10-29 7313 50 122
2021-10-31 7316 50 122
2021-11-01 7316 50 122
2021-11-03 7322 50 122
2021-11-05 7328 50 122
2021-11-07 7334 50 122
2021-11-09 7334 50 122
2021-11-11 7341 50 122
2021-11-13 7349 50 122
2021-11-15 7349 50 122
2021-11-17 7365 50 123
2021-11-19 7366 50 123
2021-11-21 7376 50 123
2021-11-23 7393 50 124
2021-11-25 7395 50 124
2021-11-27 7403 50 124
2021-11-29 7403 50 124
2021-12-01 7412 50 125
2021-12-03 7414 50 125
2021-12-05 7419 50 125
2021-12-07 7430 50 125
2021-12-09 7439 50 125
2021-12-11 7447 50 126
2021-12-13 7447 50 126
2021-12-15 7471 51 127
2021-12-17 7485 51 128
2021-12-19 7494 51 128
2021-12-21 7504 51 128
2021-12-23 7508 51 128
2021-12-25 7515 51 128
2021-12-27 7515 51 128
2021-12-29 7532 51 129
2021-12-31 7533 51 129
2022-01-01 7536 51 129
2022-01-03 7536 51 129
2022-01-05 7542 51 129
2022-01-07 7543 51 129
2022-01-09 7558 51 129
2022-01-11 7571 51 129
2022-01-13 7574 51 129
2022-01-15 7582 51 129
2022-01-17 7582 51 129
2022-01-19 7599 51 129
2022-01-21 7603 51 129
2022-01-23 7618 51 130
2022-01-25 7626 51 130
2022-01-27 7636 51 130
2022-01-29 7645 51 130
2022-01-31 7645 51 130
2022-02-01 7645 51 130
2022-02-03 7645 51 130
2022-02-05 7623 51 128
2022-02-07 7645 51 129
2022-02-09 7651 51 129
2022-02-11 7654 51 129
2022-02-13 7672 51 129
2022-02-15 7693 51 129
2022-02-17 7699 51 129
2022-02-19 7713 51 130
2022-02-21 7713 51 130
2022-02-23 7727 51 131
2022-02-25 7728 51 131
2022-02-27 7734 51 132
2022-03-01 7743 51 132
2022-03-03 7747 51 132
2022-03-05 7757 51 132
2022-03-07 7757 51 132
2022-03-09 7774 52 132
2022-03-11 7785 52 132
2022-03-13 7789 52 132
2022-03-15 7804 52 132
2022-03-17 7805 52 132
2022-03-19 7812 52 132
2022-03-21 7812 52 132
2022-03-23 7829 52 132
2022-03-25 7832 52 132
2022-03-27 7845 52 132
2022-03-29 7845 52 132
2022-03-31 7846 52 132
2022-04-01 7846 52 132
2022-04-03 7861 52 132
2022-04-05 7886 51 132
2022-04-07 7884 51 131
2022-04-09 7888 51 131
2022-04-11 7888 51 131
2022-04-13 7900 51 132
2022-04-15 7904 51 132
2022-04-17 7911 51 132
2022-04-19 7918 51 132
2022-04-21 7917 51 132
2022-04-23 7923 51 132
2022-04-25 7923 51 132
2022-04-27 7935 51 132
2022-04-29 7945 51 132
2022-05-01 7955 51 132
2022-05-03 7964 51 132
2022-05-05 7969 51 132
2022-05-07 7980 51 133
2022-05-09 7980 51 133
2022-05-11 7996 51 133
2022-05-13 8001 51 133
2022-05-15 8013 51 133
2022-05-17 8018 52 133
2022-05-19 8019 52 133
2022-05-21 8040 52 133
2022-05-23 8040 52 133
2022-05-25 8057 52 133
2022-05-27 8064 52 133
2022-05-29 8070 52 133
2022-05-31 8084 52 133
2022-06-01 8084 52 133
2022-06-03 8095 52 133
2022-06-05 8113 52 133
2022-06-07 8125 52 134
2022-06-09 8129 52 134
2022-06-11 8130 52 134
2022-06-13 8130 52 134
2022-06-15 8130 52 134
2022-06-17 8155 52 134
2022-06-19 8176 52 134
2022-06-21 8181 52 135
2022-06-23 8181 52 135
2022-06-25 8187 52 135
2022-06-27 8208 52 136
2022-06-29 8221 52 136
2022-07-01 8222 52 136
2022-07-03 8228 52 135
2022-07-05 8248 52 137
2022-07-07 8257 52 137
2022-07-09 8269 52 137
2022-07-11 8269 52 137
2022-07-13 8275 52 136
2022-07-15 8278 52 137
2022-07-17 8282 52 137
2022-07-19 8297 52 137
2022-07-21 8303 52 138
2022-07-23 8311 52 138
2022-07-25 8311 52 138
2022-07-27 8322 52 138
2022-07-29 8327 52 138
2022-07-31 8341 52 138
2022-08-01 8341 52 138
2022-08-03 8346 52 138
2022-08-05 8351 52 138
2022-08-07 8359 52 137
2022-08-09 8365 52 138
2022-08-11 8366 52 138
2022-08-13 8377 52 138
2022-08-15 8377 52 138
2022-08-17 8389 52 138
2022-08-19 8397 52 138
2022-08-21 8405 52 138
2022-08-23 8418 52 138
2022-08-25 8420 52 138
2022-08-27 8424 53 138
2022-08-29 8424 53 138
2022-08-31 8429 53 138
2022-09-01 8430 53 138
2022-09-03 8443 53 137
2022-09-05 8443 53 137
2022-09-07 8461 53 138
2022-09-09 8463 53 138
2022-09-11 8479 53 138
2022-09-13 8489 53 138
2022-09-15 8497 53 138
2022-09-17 8504 53 138
2022-09-19 8504 53 138
2022-09-21 8512 53 138
2022-09-23 8515 53 138
2022-09-25 8516 53 139
2022-09-27 8536 53 139
2022-09-29 8541 53 139
2022-10-01 8555 53 139
2022-10-03 8555 53 139
2022-10-05 8570 53 139
2022-10-07 8575 53 139
2022-10-09 8576 53 139
2022-10-11 8587 53 139
2022-10-13 8590 53 139
2022-10-15 8595 53 139
2022-10-17 8595 53 139
2022-10-19 8607 53 139
2022-10-21 8616 53 139
2022-10-23 8618 53 139
2022-10-25 8635 53 139
2022-10-27 8637 53 139
2022-10-29 8641 53 139
2022-10-31 8641 53 139
2022-11-01 8647 53 139
2022-11-03 8658 53 139
2022-11-05 8663 53 139
2022-11-07 8663 53 139
2022-11-09 8670 53 139
2022-11-11 8677 53 139
2022-11-13 8687 53 139
2022-11-15 8688 53 139
2022-11-17 8696 53 139
2022-11-19 8700 53 139
2022-11-21 8700 53 139
2022-11-23 8708 53 139
2022-11-25 8711 53 139
2022-11-27 8729 53 140
2022-11-29 8743 53 140
2022-12-01 8743 53 140
2022-12-03 8779 53 142
2022-12-05 8779 53 142
2022-12-07 8799 53 142
2022-12-09 8807 53 142
2022-12-11 8816 53 142
2022-12-13 8816 53 142
2022-12-15 8828 53 142
2022-12-17 8832 53 142
2022-12-19 8832 53 142
2022-12-21 8839 53 142
2022-12-23 8841 53 142
2022-12-25 8847 53 142
2022-12-27 8850 53 141
2022-12-29 8856 53 141
2022-12-31 8863 53 142
2023-01-01 8863 53 142
2023-01-03 8867 53 142
2023-01-05 8866 53 142
2023-01-07 8869 53 142
2023-01-09 8869 53 142
2023-01-11 8882 53 143
2023-01-13 8882 53 143
2023-01-15 8882 53 143
2023-01-17 8905 53 143
2023-01-19 8909 53 143
2023-01-21 8909 53 143
2023-01-23 8907 53 143
2023-01-25 8907 53 143
2023-01-27 8898 53 145
2023-01-29 8906 53 145
2023-01-31 8916 53 145
2023-02-01 8916 53 145
2023-02-03 8919 53 145
2023-02-05 8932 53 145
2023-02-07 8946 53 145
2023-02-09 8953 53 145
2023-02-11 8968 53 145
2023-02-13 8968 53 145
2023-02-15 8982 53 145
2023-02-17 8982 53 145
2023-02-19 8991 53 145
2023-02-21 9002 53 145
2023-02-23 9004 53 145
2023-02-25 9009 53 145
2023-02-27 9009 53 145
2023-03-01 9016 53 145
2023-03-03 9020 53 145
2023-03-05 9028 53 145
2023-03-07 9040 53 145
2023-03-09 9052 53 145
2023-03-11 9057 54 146
2023-03-13 9057 54 146
2023-03-15 9062 54 146
2023-03-17 9063 54 146
2023-03-19 9085 54 146
2023-03-21 9105 54 146
2023-03-23 9108 54 146
2023-03-25 9119 54 147
2023-03-27 9119 54 147
2023-03-29 9125 54 147
2023-03-31 9132 54 147
2023-04-01 9138 54 148
2023-04-03 9138 54 148
2023-04-05 9153 54 148
2023-04-07 9158 54 148
2023-04-09 9161 54 148
2023-04-11 9163 54 148
2023-04-13 9180 54 148
2023-04-15 9187 54 148
2023-04-17 9187 54 148
2023-04-19 9200 54 148
2023-04-21 9205 54 148
2023-04-23 9225 54 148
2023-04-27 9242 54 148
2023-04-29 9247 54 149
2023-05-01 9247 54 149
2023-05-03 9262 54 149
2023-05-05 9263 54 149
2023-05-07 9267 54 149
2023-05-09 9267 54 149
2023-05-11 9306 54 150
2023-05-13 9309 54 150
2023-05-15 9309 54 150
2023-05-17 9322 54 150
2023-05-19 9329 54 150
2023-05-21 9347 54 150
2023-05-23 9356 54 150
2023-05-25 9364 54 150
2023-05-27 9372 54 150
2023-05-29 9372 54 150
2023-05-31 9381 54 150
2023-06-01 9393 54 150
2023-06-03 9401 54 150
2023-06-05 9401 54 150
2023-06-07 9414 54 151
2023-06-09 9426 54 151
2023-06-11 9437 54 151
2023-06-13 9440 54 151
2023-06-15 9460 54 151
2023-06-17 9463 54 151
2023-06-19 9463 54 151
2023-06-21 9492 54 151
2023-06-23 9501 54 151
2023-06-25 9523 54 151
2023-06-27 9539 54 151
2023-06-29 9539 54 151
2023-07-01 9539 54 151
2023-07-03 9552 55 151
2023-07-05 9554 55 151
2023-07-07 9558 55 151
2023-07-09 9564 55 151
2023-07-11 9570 55 151
2023-07-13 9576 55 151
2023-07-23 9636 55 152
2023-07-25 9636 55 152
2023-07-27 9651 55 152
2023-07-29 9662 55 152
2023-07-31 9671 55 152
2023-08-01 9688 55 152
2023-08-03 9695 55 152
2023-08-05 9711 55 152
2023-08-07 9711 55 152
2023-08-09 9720 55 153
2023-08-11 9726 55 153
2023-08-13 9735 55 153
2023-08-15 9745 55 153
2023-08-17 9754 55 153
2023-08-19 9764 55 153
2023-08-21 9764 55 153
2023-08-23 9776 55 153
2023-08-25 9790 55 153
2023-08-27 9804 55 153
2023-08-29 9815 55 153
2023-08-31 9824 55 153
2023-09-01 9824 55 153
2023-09-03 9838 55 153
2023-09-05 9857 55 153
2023-09-07 9857 55 153
2023-09-09 9873 55 153
2023-09-11 9873 55 153
2023-09-13 9884 55 153
2023-09-15 9886 55 153
2023-09-17 9902 56 153
2023-09-19 9902 56 153
2023-09-21 9913 56 153
2023-09-23 9919 56 153
2023-09-25 9926 56 153
2023-09-27 9937 56 153
2023-09-29 9940 56 153
2023-10-01 9946 56 153
2023-10-03 9946 56 153
2023-10-05 9961 56 153
2023-10-07 9971 56 153
2023-10-09 9974 56 153
2023-10-11 9979 56 153
2023-10-13 9982 56 153
2023-10-15 9986 56 153
2023-10-17 9986 56 153
2023-10-19 10012 56 153
2023-10-21 10025 56 153
2023-10-23 10025 56 153
2023-10-25 10025 56 153
2023-10-27 10036 56 153
2023-10-29 10049 56 154
2023-10-31 10049 56 154
2023-11-01 10080 56 154
2023-11-03 10104 56 154
2023-11-05 10102 57 154
2023-11-07 10118 57 154
2023-11-09 10118 57 154
2023-11-11 10125 57 154
2023-11-13 10133 57 154
2023-11-15 10139 57 154
2023-11-17 10154 57 154
2023-11-19 10169 57 154
2023-11-21 10175 57 154
2023-11-23 10186 57 154
2023-11-25 10191 57 154
2023-11-27 10191 57 154
2023-11-29 10204 57 154
2023-12-01 10205 57 154
2023-12-03 10214 57 154
2023-12-05 10246 57 154
2023-12-07 10286 57 154
2023-12-09 10286 57 154
2023-12-11 10286 57 154
2023-12-13 10289 57 154
2023-12-15 10291 57 154
2023-12-17 10322 57 154
2023-12-19 10326 57 154
2023-12-21 10326 57 154
2023-12-23 10339 57 154
2023-12-25 10340 57 154
2023-12-27 10360 57 154
2023-12-29 10381 57 154
2023-12-31 10386 57 154
2024-01-01 10386 57 154
2024-01-03 10398 57 154
2024-01-05 10417 57 154
2024-01-07 10437 57 155
2024-01-09 10464 57 155
2024-01-11 10464 57 155
2024-01-13 10484 57 155
2024-01-15 10484 57 155
2024-01-17 10491 58 155
2024-01-19 10493 58 155
2024-01-21 10502 58 155
2024-01-25 10517 58 155
2024-01-29 10533 57 156
2024-01-31 10549 57 156
2024-02-07 10573 57 156
2024-02-09 10585 57 156
2024-02-11 10595 57 156
2024-02-13 10613 57 156
2024-02-15 10622 58 156
2024-02-17 10638 58 156
2024-02-19 10638 58 156
2024-02-21 10649 58 156
2024-02-23 10656 58 156
2024-02-25 10669 58 156
2024-02-27 10698 58 156
2024-02-29 10714 58 156
2024-03-01 10714 58 156
2024-03-03 10722 58 156
2024-03-05 10744 58 156
2024-03-07 10744 58 156
2024-03-09 10744 58 156
2024-03-11 10757 58 156
2024-03-13 10774 58 156
2024-03-15 10779 58 156
2024-03-17 10800 58 157
2024-03-19 10809 58 157
2024-03-21 10813 58 157
2024-03-23 10832 58 157
2024-03-25 10859 58 157
2024-03-27 10857 58 157
2024-03-29 10861 58 157
2024-03-31 10865 58 157
2024-04-01 10877 58 157
2024-04-05 10892 58 157
2024-04-07 10905 58 157
2024-04-09 10913 58 157
2024-04-11 10912 58 157
2024-04-13 10923 58 157
2024-04-17 10942 58 157
2024-04-19 10957 58 157
2024-04-21 10987 58 157
2024-04-23 10991 58 157
2024-04-25 11001 58 157
2024-04-27 11004 58 157
2024-04-29 11010 58 157
2024-05-01 11013 58 157
2024-05-03 11022 58 157
2024-05-05 11030 58 157
2024-05-07 11044 58 157
2024-05-09 11048 58 157
2024-05-11 11065 58 157
2024-05-13 11070 58 157
2024-05-15 11069 58 157
2024-05-17 11074 58 157
2024-05-19 11084 58 158
2024-05-21 11089 58 158
2024-05-23 11093 58 158
2024-05-25 11100 58 158
2024-05-27 11135 58 158
2024-05-29 11142 59 158
2024-05-31 11164 59 159
2024-06-01 11170 59 159
2024-06-03 11178 59 159
2024-06-05 11184 59 160
2024-06-07 11191 59 160
2024-06-09 11193 59 160
2024-06-11 11207 59 160
2024-06-13 11213 59 160
2024-06-15 11225 59 160
2024-06-17 11228 59 160
2024-06-19 11233 59 160
2024-06-21 11261 59 161
2024-06-23 11267 59 161
2024-06-25 11267 59 161
2024-06-27 11267 59 161
2024-06-29 11220 59 162
2024-07-01 11240 59 162
2024-07-03 11244 60 162
2024-07-05 11255 60 162
2024-07-07 11269 60 162
2024-07-09 11276 60 162
2024-07-11 11277 60 162
2024-07-13 11293 60 162
2024-07-15 11293 60 162
2024-07-17 11300 60 162
2024-07-19 11307 60 162
2024-07-21 11320 60 162
2024-07-29 11375 60 163
2024-07-31 11383 60 163
2024-08-01 11383 60 163
2024-08-03 11396 60 163
2024-08-05 11409 60 163
2024-08-07 11411 60 163
2024-08-09 11418 60 163
2024-08-11 11428 60 163
2024-08-13 11440 60 163
2024-08-15 11442 60 163
2024-08-17 11459 60 163
2024-08-19 11468 60 163
2024-08-21 11470 60 163
2024-08-23 11493 60 163
2024-08-25 11504 60 164
2024-08-27 11517 60 164
2024-08-29 11522 60 164
2024-08-31 11523 60 164
2024-09-01 11530 60 164
2024-09-03 11541 60 164
2024-09-05 11543 60 164
2024-09-07 11564 60 165
2024-09-09 11569 60 165
2024-09-11 11587 60 167
2024-09-13 11595 60 167
2024-09-15 11599 60 167
2024-09-17 11603 60 167
2024-09-19 11603 60 167
2024-09-21 11620 60 167
2024-09-23 11626 60 167
2024-09-25 11630 60 167
2024-09-27 11639 60 167
2024-09-29 11645 60 167
2024-10-01 11653 60 167
2024-10-03 11660 60 167
2024-10-05 11667 60 167
2024-10-07 11667 60 167
2024-10-09 11667 60 167
2024-10-11 11679 60 168
2024-10-13 11724 60 168
2024-10-15 11735 60 168
2024-10-17 11735 60 168
2024-10-19 11745 60 168
2024-10-21 11780 60 170
2024-10-23 11780 60 169
2024-10-25 11786 60 169
2024-10-27 11812 60 169
2024-10-29 11817 60 169
2024-10-31 11817 60 169
2024-11-01 11853 61 169
2024-11-03 11853 61 169
2024-11-05 11862 61 169
2024-11-07 11869 61 169
2024-11-09 11876 61 169
2024-11-11 11895 61 169
2024-11-13 11904 61 169
2024-11-15 11908 61 169
2024-11-17 11933 61 169
2024-11-19 11941 61 169
2024-11-21 11949 61 169
2024-11-23 11964 61 169
2024-11-25 11976 61 170
2024-11-27 11981 61 170
2024-11-29 11990 61 170
2024-12-01 12001 61 170
2024-12-03 12006 61 170
2024-12-05 12008 61 170
2024-12-07 12005 61 170
2024-12-09 12016 61 170
2024-12-11 12019 61 170
2024-12-13 12036 61 170
2024-12-15 12053 61 170
2024-12-17 12055 61 170
2024-12-19 12059 61 170
2024-12-21 12075 61 170
2024-12-23 12090 61 170
2024-12-25 12094 61 170
2024-12-27 12102 61 170
2024-12-29 12104 61 170
2024-12-31 12106 62 170
2025-01-01 12110 62 170
2025-01-03 12121 62 170
2025-01-05 12125 62 170
2025-01-07 12131 62 170
2025-01-09 12135 62 170
2025-01-11 12147 62 170
2025-01-13 12165 62 170
2025-01-15 12166 62 170
2025-01-17 12173 62 170
2025-01-19 12185 62 170
2025-01-21 12196 62 170
2025-01-23 12207 62 170
2025-01-25 12210 62 170
2025-01-27 12230 62 170
2025-01-29 12231 62 170
2025-01-31 12246 62 170
2025-02-01 12247 62 170
2025-02-03 12259 62 170
2025-02-05 12264 62 170
2025-02-07 12270 62 170
