# Joachim Krois, Head of Data Science, Oral Diagnostics & Digital Health & Health Services Research, Charité - Universitätsmedzin Berlin
# datestring citations hindex i10index
2012-12-31 7 none none
2013-12-31 21 none none
2014-12-31 45 none none
2015-12-31 73 none none
2016-12-31 101 none none
2017-12-31 138 none none
2018-12-31 204 none none
2019-12-31 322 none none
2020-12-31 694 none none
2021-12-31 1530 none none
2022-12-03 2594 23 36
2022-12-05 2594 23 36
2022-12-07 2610 23 36
2022-12-09 2613 23 36
2022-12-11 2640 23 36
2022-12-13 2640 23 36
2022-12-15 2665 23 37
2022-12-17 2668 23 37
2022-12-19 2668 23 37
2022-12-21 2679 23 37
2022-12-23 2683 23 37
2022-12-25 2689 23 37
2022-12-27 2700 23 37
2022-12-29 2704 23 37
2022-12-31 2710 23 37
2023-01-01 2710 23 37
2023-01-03 2727 23 37
2023-01-05 2739 24 37
2023-01-07 2747 24 37
2023-01-09 2747 24 37
2023-01-11 2767 24 39
2023-01-13 2776 24 39
2023-01-15 2790 24 40
2023-01-17 2800 24 40
2023-01-19 2803 24 40
2023-01-21 2803 24 40
2023-01-23 2812 24 41
2023-01-25 2812 24 41
2023-01-27 2814 24 41
2023-01-29 2825 24 41
2023-01-31 2847 25 41
2023-02-01 2847 25 41
2023-02-03 2855 25 41
2023-02-05 2864 25 41
2023-02-07 2873 25 41
2023-02-09 2876 25 41
2023-02-11 2884 25 41
2023-02-13 2884 25 41
2023-02-15 2889 25 41
2023-02-17 2892 25 41
2023-02-19 2901 25 41
2023-02-21 2907 25 41
2023-02-23 2913 25 41
2023-02-25 2918 25 41
2023-02-27 2918 25 41
2023-03-01 2926 25 41
2023-03-03 2932 25 41
2023-03-05 2939 25 41
2023-03-07 2949 25 41
2023-03-09 2949 25 41
2023-03-11 2967 25 41
2023-03-13 2967 25 41
2023-03-15 2977 25 41
2023-03-17 2984 25 41
2023-03-19 2998 25 41
2023-03-21 3008 25 41
2023-03-23 3013 25 41
2023-03-25 3022 25 41
2023-03-27 3022 25 41
2023-03-29 3034 25 41
2023-03-31 3046 25 42
2023-04-01 3056 25 42
2023-04-03 3056 25 42
2023-04-05 3066 25 42
2023-04-07 3072 25 43
2023-04-09 3085 25 43
2023-04-11 3095 25 43
2023-04-13 3100 25 43
2023-04-15 3106 25 43
2023-04-17 3106 25 43
2023-04-19 3119 25 43
2023-04-21 3125 25 43
2023-04-23 3141 25 44
2023-04-27 3179 26 44
2023-04-29 3179 26 44
2023-05-01 3192 26 44
2023-05-03 3203 26 44
2023-05-05 3216 26 44
2023-05-07 3220 26 44
2023-05-09 3220 26 44
2023-05-11 3239 26 44
2023-05-13 3242 26 44
2023-05-15 3242 26 44
2023-05-17 3245 26 44
2023-05-19 3253 26 44
2023-05-21 3265 26 44
2023-05-23 3282 27 44
2023-05-25 3289 27 44
2023-05-27 3290 27 44
2023-05-29 3290 27 44
2023-05-31 3297 27 44
2023-06-01 3303 27 45
2023-06-03 3304 27 45
2023-06-05 3304 27 45
2023-06-07 3321 27 45
2023-06-09 3324 27 45
2023-06-11 3339 27 45
2023-06-13 3366 27 45
2023-06-15 3369 27 45
2023-06-17 3380 27 45
2023-06-19 3380 27 45
2023-06-21 3401 27 45
2023-06-23 3409 27 45
2023-06-25 3421 27 47
2023-06-27 3455 27 49
2023-06-29 3455 27 49
2023-07-01 3455 27 49
2023-07-03 3479 28 49
2023-07-05 3483 28 49
2023-07-07 3491 28 50
2023-07-09 3502 28 51
2023-07-11 3520 28 51
2023-07-13 3520 28 51
2023-07-23 3573 28 51
2023-07-25 3573 28 51
2023-07-27 3577 28 51
2023-07-29 3582 28 51
2023-07-31 3595 28 51
2023-08-01 3609 28 52
2023-08-03 3609 28 52
2023-08-05 3624 28 52
2023-08-07 3641 28 52
2023-08-09 3647 28 52
2023-08-11 3657 28 52
2023-08-13 3665 28 52
2023-08-15 3676 28 52
2023-08-17 3676 28 52
2023-08-19 3685 28 53
2023-08-21 3685 28 53
2023-08-23 3696 28 53
2023-08-25 3702 28 53
2023-08-27 3708 28 53
2023-08-29 3708 28 53
2023-08-31 3731 29 54
2023-09-01 3731 29 54
2023-09-03 3738 29 54
2023-09-05 3754 29 55
2023-09-07 3754 29 55
2023-09-09 3764 29 54
2023-09-11 3776 29 54
2023-09-13 3791 29 54
2023-09-15 3798 29 54
2023-09-17 3799 29 54
2023-09-19 3799 29 54
2023-09-21 3808 29 54
2023-09-23 3818 29 54
2023-09-25 3832 29 54
2023-09-27 3841 29 54
2023-09-29 3850 29 54
2023-10-01 3857 29 54
2023-10-03 3857 29 54
2023-10-05 3864 29 54
2023-10-07 3873 29 54
2023-10-09 3893 29 54
2023-10-11 3899 29 54
2023-10-13 3902 29 54
2023-10-15 3907 29 54
2023-10-17 3907 29 54
2023-10-19 3921 29 54
2023-10-21 3931 29 54
2023-10-23 3933 29 54
2023-10-25 3946 29 55
2023-10-27 3964 29 55
2023-10-29 3971 29 55
2023-10-31 3971 29 55
2023-11-01 3980 29 55
2023-11-03 4004 29 55
2023-11-05 4015 29 55
2023-11-07 4015 29 55
2023-11-09 4020 29 55
2023-11-11 4035 29 56
2023-11-13 4044 29 56
2023-11-15 4065 30 56
2023-11-17 4069 30 56
2023-11-19 4099 30 57
2023-11-21 4109 30 57
2023-11-23 4109 30 57
2023-11-25 4126 30 57
2023-11-27 4126 30 57
2023-11-29 4142 30 57
2023-12-01 4156 30 57
2023-12-03 4179 30 57
2023-12-05 4179 30 57
2023-12-07 4190 30 57
2023-12-09 4209 30 59
2023-12-11 4209 30 59
2023-12-13 4219 30 59
2023-12-15 4227 30 59
2023-12-17 4238 30 60
2023-12-19 4238 30 60
2023-12-21 4251 30 60
2023-12-23 4263 30 60
2023-12-25 4276 30 60
2023-12-27 4293 30 60
2023-12-29 4304 30 60
2023-12-31 4313 30 60
2024-01-01 4313 30 60
2024-01-03 4328 30 60
2024-01-05 4331 30 60
