# Wolfgang I. Schöllhorn, University of Mainz
# datestring citations hindex i10index
2001-12-31 8 none none
2002-12-31 27 none none
2003-12-31 55 none none
2004-12-31 77 none none
2005-12-31 119 none none
2006-12-31 193 none none
2007-12-31 254 none none
2008-12-31 327 none none
2009-12-31 432 none none
2010-12-31 595 none none
2011-12-31 712 none none
2012-12-31 891 none none
2013-12-31 1074 none none
2014-12-31 1251 none none
2015-12-31 1447 none none
2016-12-31 1640 none none
2017-12-31 1856 none none
2018-12-31 2119 none none
2019-12-31 2404 none none
2020-09-19 2658 29 55
2020-09-21 2658 29 55
2020-09-23 2659 29 55
2020-09-25 2661 29 55
2020-09-27 2667 29 55
2020-09-29 2677 29 56
2020-10-01 2677 29 56
2020-10-03 2679 29 56
2020-10-05 2683 29 56
2020-10-07 2686 29 56
2020-10-09 2686 29 56
2020-10-11 2687 29 56
2020-10-13 2692 29 56
2020-10-15 2708 29 56
2020-10-17 2728 29 56
2020-10-19 2728 29 56
2020-10-21 2734 29 57
2020-10-23 2735 29 57
2020-10-25 2736 29 57
2020-10-27 2739 29 57
2020-10-29 2739 29 57
2020-10-31 2748 29 57
2020-11-01 2748 29 57
2020-11-03 2765 29 57
2020-11-05 2765 29 57
2020-11-07 2767 29 57
2020-11-09 2767 29 57
2020-11-11 2768 29 57
2020-11-13 2768 29 57
2020-11-15 2768 29 57
2020-11-17 2771 29 57
2020-11-19 2771 29 57
2020-11-21 2774 29 57
2020-11-23 2783 29 57
2020-11-25 2785 29 57
2020-11-27 2785 29 57
2020-11-29 2787 29 57
2020-12-01 2790 29 57
2020-12-03 2790 29 57
2020-12-05 2802 29 57
2020-12-07 2802 29 57
2020-12-09 2804 29 57
2020-12-11 2793 29 57
2020-12-13 2796 29 57
2020-12-15 2796 29 57
2020-12-17 2809 29 57
2020-12-19 2811 29 57
2020-12-21 2815 29 57
2020-12-23 2818 30 57
2020-12-25 2816 30 57
2020-12-27 2817 30 57
2020-12-29 2819 30 57
2020-12-31 2819 30 57
2021-01-01 2819 30 57
2021-01-03 2828 30 57
2021-01-05 2828 30 57
2021-01-07 2828 30 57
2021-01-09 2838 30 57
2021-01-11 2838 30 57
2021-01-13 2838 30 57
2021-01-15 2839 30 57
2021-01-17 2845 30 58
2021-01-19 2845 30 58
2021-01-21 2845 30 58
2021-01-23 2845 30 58
2021-01-25 2814 29 57
2021-01-27 2815 29 57
2021-01-29 2815 29 57
2021-01-31 2817 29 57
2021-02-01 2819 29 57
2021-02-03 2819 29 57
2021-02-05 2824 29 57
2021-02-07 2830 29 57
2021-02-09 2830 29 57
2021-02-11 2837 29 57
2021-02-13 2839 29 57
2021-02-15 2842 29 57
2021-02-17 2843 29 57
2021-02-19 2843 29 57
2021-02-23 2857 29 57
2021-02-25 2858 29 57
2021-02-27 2858 29 57
2021-03-01 2861 29 57
2021-03-03 2862 29 57
2021-03-05 2863 29 57
2021-03-07 2864 29 57
2021-03-09 2871 29 57
2021-03-11 2871 29 57
2021-03-13 2878 29 57
2021-03-15 2878 29 57
2021-03-17 2882 29 57
2021-03-19 2882 29 57
2021-03-21 2885 29 57
2021-03-23 2890 29 57
2021-03-25 2890 29 57
2021-03-27 2892 29 57
2021-03-29 2897 29 57
2021-03-31 2901 29 57
2021-04-01 2901 29 57
2021-04-03 2907 29 57
2021-04-05 2907 29 57
2021-04-07 2918 29 57
2021-04-09 2918 29 57
2021-04-11 2918 29 57
2021-04-13 2922 29 57
2021-04-15 2925 29 57
2021-04-17 2925 29 57
2021-04-19 2927 29 57
2021-04-21 2933 29 57
2021-04-23 2933 29 57
2021-04-25 2937 29 57
2021-04-27 2939 29 57
2021-04-29 2939 29 57
2021-05-01 2939 29 57
2021-05-03 2940 29 57
2021-05-05 2942 29 57
2021-05-07 2944 29 57
2021-05-09 2944 29 57
2021-05-13 2986 29 59
2021-05-15 2989 29 59
2021-05-17 2989 29 59
2021-05-19 2975 29 59
2021-05-21 2989 29 59
2021-05-23 2989 29 59
2021-05-25 2984 29 59
2021-05-27 2984 29 59
2021-05-29 2985 29 59
2021-05-31 2986 29 59
2021-06-01 2986 29 59
2021-06-03 3002 29 59
2021-06-05 2988 29 59
2021-06-07 2988 29 59
2021-06-09 3001 29 59
2021-06-11 3019 29 59
2021-06-13 3021 29 59
2021-06-15 3025 29 59
2021-06-17 3023 29 59
2021-06-19 3027 29 59
2021-06-21 3027 29 59
2021-06-23 3032 29 59
2021-06-25 3035 29 59
2021-06-27 3035 29 59
2021-06-29 3035 29 59
2021-07-01 3051 29 58
2021-07-03 3059 29 58
2021-07-05 3061 29 59
2021-07-07 3064 29 59
2021-07-09 3066 29 59
2021-07-11 3066 29 60
2021-07-13 3066 29 60
2021-07-15 3071 29 60
2021-07-17 3074 29 60
2021-07-19 3074 29 60
2021-07-21 3078 29 60
2021-07-23 3084 29 60
2021-07-25 3088 29 60
2021-07-27 3090 29 60
2021-07-29 3090 29 60
2021-07-31 3091 29 60
2021-08-01 3094 29 60
2021-08-03 3096 29 60
2021-08-05 3096 29 60
2021-08-07 3096 29 60
2021-08-09 3097 29 60
2021-08-11 3104 29 60
2021-08-13 3103 29 60
2021-08-15 3106 29 60
2021-08-17 3113 29 60
2021-08-21 3117 29 60
2021-08-23 3117 29 60
2021-08-27 3129 29 60
2021-08-29 3130 29 60
2021-08-31 3132 29 60
2021-09-01 3132 29 60
2021-09-03 3131 29 60
2021-09-05 3132 29 60
2021-09-07 3145 29 60
2021-09-09 3145 29 60
2021-09-11 3144 29 60
2021-09-13 3144 29 60
2021-09-15 3147 30 60
2021-09-17 3149 30 60
2021-09-19 3149 30 60
2021-09-25 3153 30 60
2021-09-27 3161 30 60
2021-09-29 3161 30 60
2021-10-01 3161 30 60
2021-10-03 3163 30 60
2021-10-05 3170 30 60
2021-10-07 3170 30 60
2021-10-09 3171 30 60
2021-10-11 3175 30 60
2021-10-13 3189 30 60
2021-10-15 3189 30 60
2021-10-17 3192 30 61
2021-10-19 3192 30 61
2021-10-21 3191 30 61
2021-10-23 3193 30 61
2021-10-25 3193 30 61
2021-10-27 3200 30 61
2021-10-29 3199 30 61
2021-10-31 3198 30 61
2021-11-01 3198 30 61
2021-11-03 3200 30 61
2021-11-05 3204 30 61
2021-11-07 3212 30 61
2021-11-09 3212 30 61
2021-11-11 3213 30 61
2021-11-13 3213 30 61
2021-11-15 3213 30 61
2021-11-17 3221 30 61
2021-11-19 3220 30 61
2021-11-21 3224 30 61
2021-11-23 3225 30 61
2021-11-25 3225 30 61
2021-11-27 3226 30 61
2021-11-29 3226 30 61
2021-12-01 3229 30 61
2021-12-03 3231 30 61
2021-12-05 3236 30 61
2021-12-07 3260 31 61
2021-12-09 3259 31 61
2021-12-11 3265 31 61
2021-12-13 3265 31 61
2021-12-15 3268 31 61
2021-12-17 3270 31 61
2021-12-19 3270 31 61
2021-12-21 3267 31 61
2021-12-23 3278 31 61
2021-12-25 3283 31 61
2021-12-27 3283 31 61
2021-12-29 3284 31 61
2021-12-31 3285 31 61
2022-01-01 3283 32 61
2022-01-03 3283 32 61
2022-01-05 3309 32 61
2022-01-07 3309 32 61
2022-01-09 3310 32 61
2022-01-11 3305 31 61
2022-01-13 3315 32 61
2022-01-15 3355 32 61
2022-01-17 3355 32 61
2022-01-19 3359 32 61
2022-01-21 3359 32 61
2022-01-23 3364 32 61
2022-01-25 3367 32 61
2022-01-27 3372 32 61
2022-01-29 3377 32 61
2022-01-31 3377 32 61
2022-02-01 3377 32 61
2022-02-03 3377 32 61
2022-02-05 3571 33 62
2022-02-07 3573 33 62
2022-02-09 3575 33 62
2022-02-11 3575 33 62
2022-02-13 3577 33 62
2022-02-15 3595 33 62
2022-02-17 3595 33 62
2022-02-19 3606 33 62
2022-02-21 3606 33 62
2022-02-23 3609 33 62
2022-02-25 3609 33 62
2022-02-27 3612 33 62
2022-03-01 3625 33 62
2022-03-03 3625 33 62
2022-03-05 3632 33 63
2022-03-07 3632 33 63
2022-03-09 3635 33 63
2022-03-11 3635 33 63
2022-03-13 3640 33 63
2022-03-15 3655 33 63
2022-03-17 3655 33 62
2022-03-19 3661 33 62
2022-03-21 3661 33 62
2022-03-23 3665 33 62
2022-03-25 3665 33 62
2022-03-27 3668 33 62
2022-03-29 3678 33 62
2022-03-31 3678 33 62
2022-04-01 3678 33 62
2022-04-03 3681 33 62
2022-04-05 3688 34 62
2022-04-07 3688 34 62
2022-04-09 3689 34 61
2022-04-11 3689 34 61
2022-04-13 3704 34 62
2022-04-15 3708 34 62
2022-04-17 3716 34 62
2022-04-19 3721 34 62
2022-04-21 3717 34 62
2022-04-23 3723 34 62
2022-04-25 3723 34 62
2022-04-27 3734 34 62
2022-04-29 3728 34 61
2022-05-01 3732 34 62
2022-05-03 3736 34 62
2022-05-05 3740 34 62
2022-05-07 3749 34 62
2022-05-09 3749 34 62
2022-05-11 3776 35 62
2022-05-13 3775 35 62
2022-05-15 3773 35 62
2022-05-17 3781 35 62
2022-05-19 3783 35 62
2022-05-21 3789 35 62
2022-05-23 3789 35 62
2022-05-25 3795 35 62
2022-05-27 3798 35 62
2022-05-29 3804 35 62
2022-05-31 3819 35 62
2022-06-01 3819 35 62
2022-06-03 3815 35 62
2022-06-05 3826 35 63
2022-06-07 3826 35 63
2022-06-09 3832 35 63
2022-06-11 3828 35 63
2022-06-13 3828 35 63
2022-06-15 3828 35 63
2022-06-17 3902 35 62
2022-06-19 3907 35 62
2022-06-21 3946 36 63
2022-06-23 3946 36 63
2022-06-25 3946 36 63
2022-06-27 3958 35 63
2022-06-29 3962 35 63
2022-07-01 3962 35 63
2022-07-03 3974 35 63
2022-07-05 3978 35 63
2022-07-07 3974 35 63
2022-07-09 3984 35 63
2022-07-11 3984 35 63
2022-07-13 3993 35 63
2022-07-15 3993 35 63
2022-07-17 3991 35 63
2022-07-19 3995 35 63
2022-07-21 4000 35 63
2022-07-23 3995 35 63
2022-07-25 3995 35 63
2022-07-27 4005 35 63
2022-07-29 4005 35 63
2022-07-31 4006 35 63
2022-08-01 4006 35 63
2022-08-03 4020 35 63
2022-08-05 4010 35 63
2022-08-07 4023 35 63
2022-08-09 4035 35 63
2022-08-11 4118 36 63
2022-08-13 4118 36 63
2022-08-15 4118 36 63
2022-08-17 4138 36 63
2022-08-19 4138 36 63
2022-08-21 4143 36 63
2022-08-23 4135 36 64
2022-08-25 4153 36 64
2022-08-27 4143 36 64
2022-08-29 4143 36 64
2022-08-31 4154 36 64
2022-09-01 4151 36 64
2022-09-03 4154 36 64
2022-09-05 4154 36 64
2022-09-07 4187 36 65
2022-09-09 4187 36 65
2022-09-11 4196 36 65
2022-09-13 4216 36 65
2022-09-15 4212 35 65
2022-09-17 4209 35 65
2022-09-19 4209 35 65
2022-09-21 4213 35 65
2022-09-23 4217 35 65
2022-09-25 4226 35 65
2022-09-27 4249 35 65
2022-09-29 4248 35 65
2022-10-01 4265 35 65
2022-10-03 4265 35 65
2022-10-05 4279 35 66
2022-10-07 4303 35 65
2022-10-09 4303 35 66
2022-10-11 4306 35 66
2022-10-13 4307 35 66
2022-10-15 4314 35 66
2022-10-17 4314 35 66
2022-10-19 4303 35 66
2022-10-21 4313 35 66
2022-10-23 4328 36 66
2022-10-25 4318 36 66
2022-10-27 4326 36 66
2022-10-29 4330 36 66
2022-10-31 4330 36 66
2022-11-01 4342 36 66
2022-11-03 4339 36 66
2022-11-05 4333 36 66
2022-11-07 4333 36 66
2022-11-09 4342 36 66
2022-11-11 4343 36 66
2022-11-13 4347 36 66
2022-11-15 4350 36 66
2022-11-17 4355 36 66
2022-11-19 4363 36 66
2022-11-21 4363 36 66
2022-11-23 4366 36 66
2022-11-25 4382 36 66
2022-11-27 4381 36 66
2022-11-29 4397 36 66
2022-12-01 4397 36 66
2022-12-03 4426 36 66
2022-12-05 4426 36 66
2022-12-07 4416 36 66
2022-12-09 4427 36 66
2022-12-11 4423 36 66
2022-12-13 4423 36 66
2022-12-15 4448 36 66
2022-12-17 4455 36 66
2022-12-19 4455 36 66
2022-12-21 4460 36 66
2022-12-23 4466 36 66
2022-12-25 4473 37 66
2022-12-27 4492 37 66
2022-12-29 4491 37 66
2022-12-31 4495 37 66
2023-01-01 4495 37 66
2023-01-03 4498 37 66
2023-01-05 4500 37 66
2023-01-07 4502 37 66
2023-01-09 4502 37 66
2023-01-11 4501 37 66
2023-01-13 4502 37 66
2023-01-15 4523 37 66
2023-01-17 4529 37 66
2023-01-19 4529 37 66
2023-01-21 4529 37 66
2023-01-23 4532 37 66
2023-01-25 4532 37 66
2023-01-27 4558 36 66
2023-01-29 4561 36 66
2023-01-31 4581 36 66
2023-02-01 4581 36 66
2023-02-03 4586 36 66
2023-02-05 4589 36 66
2023-02-07 4591 36 66
2023-02-09 4591 36 66
2023-02-11 4593 36 67
2023-02-13 4593 36 67
2023-02-15 4602 36 68
2023-02-17 4602 36 68
2023-02-19 4604 36 68
2023-02-21 4605 36 68
2023-02-23 4607 36 68
2023-02-25 4607 36 68
2023-02-27 4607 36 68
2023-03-01 4621 36 68
2023-03-03 4629 36 68
2023-03-05 4631 36 68
2023-03-07 4645 36 68
2023-03-09 4651 36 68
2023-03-11 4656 36 69
2023-03-13 4656 36 69
2023-03-15 4664 36 69
2023-03-17 4666 36 69
2023-03-19 4666 36 69
2023-03-21 4706 36 71
2023-03-23 4707 36 71
2023-03-25 4707 36 71
2023-03-27 4707 36 71
2023-03-29 4721 36 71
2023-03-31 4722 36 71
2023-04-01 4728 36 71
2023-04-03 4728 36 71
2023-04-05 4741 36 71
2023-04-07 4750 36 71
2023-04-09 4753 36 71
2023-04-11 4755 36 71
2023-04-13 4762 36 71
2023-04-15 4782 36 72
2023-04-17 4782 36 72
2023-04-19 4793 36 72
2023-04-21 4785 36 72
2023-04-23 4794 36 72
2023-04-27 4796 36 72
2023-04-29 4798 36 72
2023-05-01 4798 36 72
2023-05-03 4813 36 72
2023-05-05 4817 36 72
2023-05-07 4819 36 72
2023-05-09 4819 36 72
2023-05-11 4824 36 72
2023-05-13 4828 36 72
2023-05-15 4828 36 72
2023-05-17 4830 36 72
2023-05-19 4845 36 72
2023-05-21 4847 36 72
2023-05-23 4853 36 72
2023-05-25 4850 36 72
2023-05-27 4871 36 72
2023-05-29 4871 36 72
2023-05-31 4880 36 72
2023-06-01 4885 36 72
2023-06-03 4889 36 72
2023-06-05 4889 36 72
2023-06-07 4895 37 72
2023-06-09 4901 37 72
2023-06-11 4904 37 72
2023-06-13 4912 37 72
2023-06-15 4912 37 72
2023-06-17 4928 37 72
2023-06-19 4928 37 72
2023-06-21 4936 37 73
2023-06-23 4941 37 73
2023-06-25 4942 37 74
2023-06-27 4961 37 74
2023-06-29 4961 37 74
2023-07-01 4961 37 74
2023-07-03 4969 37 75
2023-07-05 4969 37 75
2023-07-07 4975 37 75
2023-07-09 4979 37 75
2023-07-11 4984 37 76
2023-07-13 4984 37 76
2023-07-23 5002 37 76
2023-07-25 5002 37 76
2023-07-27 5006 37 76
2023-07-29 5015 37 76
2023-07-31 5015 37 76
2023-08-01 5019 37 76
2023-08-03 5021 37 76
2023-08-05 5021 37 76
2023-08-07 5023 37 76
2023-08-09 5025 37 76
2023-08-11 5026 37 76
2023-08-13 5035 37 76
2023-08-15 5040 37 76
2023-08-17 5041 37 76
2023-08-19 5043 37 76
2023-08-21 5043 37 76
2023-08-23 5040 37 76
2023-08-25 5042 37 76
2023-08-27 5050 37 76
2023-08-29 5051 37 76
